/*--------------------------------*- C++ -*----------------------------------*\
| =========                 |                                                 |
| \\      /  F ield         | OpenFOAM: The Open Source CFD Toolbox           |
|  \\    /   O peration     | Version:  v1812                                 |
|   \\  /    A nd           | Web:      www.OpenFOAM.com                      |
|    \\/     M anipulation  |                                                 |
\*---------------------------------------------------------------------------*/
FoamFile
{
    version     2.0;
    format      ascii;
    class       volScalarField;
    location    "0.00000026";
    object      V;
}
// * * * * * * * * * * * * * * * * * * * * * * * * * * * * * * * * * * * * * //

dimensions      [0 3 0 0 0 0 0];


internalField   nonuniform List<scalar> 
3500
(
2.459904961101887e-05
2.441093650683544e-05
2.296821410137378e-05
2.133307849353535e-05
2.095837474881895e-05
2.15816550883435e-05
2.287653073141457e-05
2.418325146468333e-05
2.536022616875989e-05
2.643782510601139e-05
2.774022284254452e-05
2.945339769381349e-05
3.156341151298509e-05
3.372640902315518e-05
3.548968829650607e-05
3.651541551366158e-05
3.668425957464297e-05
3.668073187117636e-05
3.66808344812223e-05
3.668076928022828e-05
3.668071717292038e-05
3.668081096611521e-05
3.668083848947864e-05
3.668071650472171e-05
3.668078290845774e-05
3.668079520030522e-05
3.668088471804205e-05
3.668067334929584e-05
3.66808294040966e-05
3.668149036565707e-05
3.668020211189537e-05
3.668112427819561e-05
3.668021026201604e-05
3.668065905318021e-05
3.668102888168166e-05
3.668102995054996e-05
3.668065771709356e-05
3.668021159810171e-05
3.668112441180415e-05
3.668020104302729e-05
3.668149036565643e-05
3.668078611492226e-05
3.668147419902155e-05
3.668039758122177e-05
3.668003029128229e-05
3.668087429671531e-05
3.668077502527189e-05
3.668116355911253e-05
3.668090970284297e-05
3.668091063811969e-05
3.668013423872779e-05
3.668055270076368e-05
3.66814222266208e-05
3.668421598615859e-05
3.651548285890451e-05
3.549025365988914e-05
3.372571847941132e-05
3.156238986158848e-05
2.945525484764479e-05
2.774059225711394e-05
2.64380191228482e-05
2.535947279268347e-05
2.4183371542139e-05
2.287689770337136e-05
2.158240316368063e-05
2.09584577281993e-05
2.133230920090128e-05
2.296707607321676e-05
2.44115247072529e-05
2.459905452834928e-05
2.980058630786613e-05
2.957304470610799e-05
2.782733913558158e-05
2.584913533222299e-05
2.53967123221396e-05
2.615227536126469e-05
2.772070740289072e-05
2.930345384502748e-05
3.072913511419667e-05
3.203451845674303e-05
3.361197104528787e-05
3.56865665265526e-05
3.824137404380236e-05
4.086015103409381e-05
4.299492792600751e-05
4.423676791054376e-05
4.444124361758358e-05
4.443697908923717e-05
4.443710340414575e-05
4.443702441133812e-05
4.443696128189347e-05
4.443707491494325e-05
4.443710826025908e-05
4.443696047235226e-05
4.44370409223152e-05
4.443705581422804e-05
4.443716410557223e-05
4.443690835023075e-05
4.443709709119695e-05
4.443789705505623e-05
4.443633791869809e-05
4.443745401558272e-05
4.44363477927948e-05
4.443689103009091e-05
4.443733908754956e-05
4.443733973503139e-05
4.443688941138529e-05
4.443634941149924e-05
4.44374541774532e-05
4.443633727121667e-05
4.443789705505565e-05
4.443704480703629e-05
4.443787682124828e-05
4.443657538267485e-05
4.443612926766197e-05
4.443715180358726e-05
4.443703153348792e-05
4.443750160549996e-05
4.443719453721968e-05
4.443719518472184e-05
4.443625633595997e-05
4.443676169558573e-05
4.443781482647032e-05
4.444119109334035e-05
4.423684615887156e-05
4.299559851671085e-05
4.085930581652852e-05
3.824012069706991e-05
3.568881329827704e-05
3.361246223029742e-05
3.203477430707698e-05
3.072819404119525e-05
2.93035671165591e-05
2.772113931816985e-05
2.615316904915908e-05
2.539678449011515e-05
2.584817614958767e-05
2.782595733999144e-05
2.95737493909794e-05
2.98005844988497e-05
3.610154601597357e-05
3.582638020169376e-05
3.371462269683463e-05
3.132210456313026e-05
3.077624804753737e-05
3.169228064958053e-05
3.359196658268172e-05
3.550893789766266e-05
3.723582092546781e-05
3.88171116641173e-05
4.072760215677715e-05
4.323960390740094e-05
4.633256846816032e-05
4.950272077418079e-05
5.208688893946896e-05
5.35901526630733e-05
5.383775739941823e-05
5.383260450159789e-05
5.383275491643783e-05
5.383265941057712e-05
5.383258292750821e-05
5.383272059709145e-05
5.383276079975358e-05
5.383258175061643e-05
5.383267961019266e-05
5.383269725993619e-05
5.383282845789468e-05
5.383251899544587e-05
5.383274726812524e-05
5.383371566202581e-05
5.383182790186586e-05
5.383317969189132e-05
5.383184123738094e-05
5.38324966388439e-05
5.383304104173145e-05
5.383304045340033e-05
5.383249683495262e-05
5.383184182571263e-05
5.383317969189115e-05
5.383182809797666e-05
5.383371526980432e-05
5.383268392441843e-05
5.383369095209724e-05
5.38321157921525e-05
5.383157589980649e-05
5.383281335758934e-05
5.383266843147947e-05
5.383323715228174e-05
5.38328651305669e-05
5.383286650336528e-05
5.383172984656455e-05
5.383234073095523e-05
5.383361603981912e-05
5.383769390610156e-05
5.359025022448947e-05
5.208770378494256e-05
4.950171004245014e-05
4.633108802964913e-05
4.324233723677931e-05
4.072817090154489e-05
3.881741487871323e-05
3.723470579205286e-05
3.550909587522763e-05
3.359248630549274e-05
3.169335730669885e-05
3.077634972325409e-05
3.132097270066129e-05
3.37129712745711e-05
3.582724549948784e-05
3.610155224555067e-05
4.373406183912189e-05
4.340146200427415e-05
4.084773324098351e-05
3.79551778207568e-05
3.729717535735809e-05
3.84079286758139e-05
4.070870816375992e-05
4.303034086993788e-05
4.512195451213412e-05
4.703740955992619e-05
4.935108600117312e-05
5.239236319042222e-05
5.613626356013705e-05
5.997321216324569e-05
6.310080764643895e-05
6.492020527261514e-05
6.522000452926126e-05
6.521378169595409e-05
6.521396369009985e-05
6.521384798210825e-05
6.521375579594167e-05
6.521392211126209e-05
6.521397058030612e-05
6.521375437010473e-05
6.521387245450117e-05
6.521389383765366e-05
6.521405278760846e-05
6.521367810288645e-05
6.521395537433135e-05
6.521512504642411e-05
6.521284248705389e-05
6.521447760452985e-05
6.521285864339986e-05
6.521365101724413e-05
6.521430962602685e-05
6.5214308913247e-05
6.521365125483566e-05
6.52128586433996e-05
6.521447831730971e-05
6.52128417742744e-05
6.521512575920405e-05
6.521387791889803e-05
6.521509606003614e-05
6.5213190323725e-05
6.52125378923696e-05
6.521403401798437e-05
6.521385891118037e-05
6.521454721938243e-05
6.52140967423786e-05
6.521409911834214e-05
6.521272273997094e-05
6.52134628433057e-05
6.521500553933243e-05
6.521992766285765e-05
6.49203218343057e-05
6.310180051867272e-05
5.997198287485247e-05
5.613444189185349e-05
5.239565776661514e-05
4.935177733593513e-05
4.70377801941144e-05
4.512060896410155e-05
4.303053915543663e-05
4.070935421756928e-05
3.840925152183119e-05
3.729731167316302e-05
3.795378442052315e-05
4.084571577333185e-05
4.340250548442132e-05
4.373406888278251e-05
5.297922759739698e-05
5.257738839231102e-05
4.949039650121233e-05
4.599487444659577e-05
4.520256870542338e-05
4.65496701893223e-05
4.933602581300024e-05
5.214753106154105e-05
5.46807803089868e-05
5.700093050203467e-05
5.980262882752315e-05
6.348415028602729e-05
6.801513905964896e-05
7.265816852598454e-05
7.644264667894342e-05
7.864418805074121e-05
7.900713847338407e-05
7.899962940732669e-05
7.899984932256797e-05
7.899970942698567e-05
7.899959802874632e-05
7.8999798948655e-05
7.899985795809441e-05
7.89995963013056e-05
7.899973878811611e-05
7.899976498224745e-05
7.899995697881272e-05
7.89995041893117e-05
7.899983924778399e-05
7.9001254322921e-05
7.899849296902111e-05
7.900047079271058e-05
7.89985125428813e-05
7.899947281356133e-05
7.90002664185554e-05
7.900026728210831e-05
7.899947079860292e-05
7.89985136942846e-05
7.900047194411402e-05
7.899849181761825e-05
7.900125547432403e-05
7.899974512053323e-05
7.90012192051101e-05
7.899891467062077e-05
7.899812480768833e-05
7.899993452674503e-05
7.899972238000784e-05
7.900055542088128e-05
7.900001051908361e-05
7.900001224622543e-05
7.899834904352172e-05
7.899924368422707e-05
7.900110924892128e-05
7.900704608413763e-05
7.864433025226922e-05
7.644384049761862e-05
7.265668330316872e-05
6.801295898110332e-05
6.348815581802493e-05
5.980348649992308e-05
5.700139528437787e-05
5.467913686722668e-05
5.214775136499056e-05
4.933680084927614e-05
4.655125853585935e-05
4.520273347952644e-05
4.599320122339933e-05
4.948794988106313e-05
5.257864300424259e-05
5.297922926784694e-05
6.417727346894095e-05
6.369207612076537e-05
5.996227116257872e-05
5.574039461172687e-05
5.478765089750321e-05
5.642175225474845e-05
5.979589019373329e-05
6.320031557577721e-05
6.626823693590937e-05
6.907846547097958e-05
7.24707842166411e-05
7.692654785380627e-05
8.240883074306569e-05
8.802586369072618e-05
9.260398313288337e-05
9.52672272133596e-05
9.570656223358949e-05
9.569750907855549e-05
9.569777411700138e-05
9.569760567585154e-05
9.56974703650645e-05
9.569771343635135e-05
9.569778492791894e-05
9.569746862096194e-05
9.569764089893252e-05
9.569767263384875e-05
9.569790454551864e-05
9.569735737347245e-05
9.569776191112119e-05
9.569947422135098e-05
9.569613260086166e-05
9.569852669652795e-05
9.569615771009135e-05
9.569731970962314e-05
9.569827874284579e-05
9.569827978906451e-05
9.569731831466301e-05
9.569615875630971e-05
9.569852669652756e-05
9.569613399581969e-05
9.569947422135066e-05
9.569764857083224e-05
9.569943062893383e-05
9.569664350401293e-05
9.569569039935791e-05
9.569787769295637e-05
9.569762102005743e-05
9.569862783093884e-05
9.569796975977695e-05
9.569797080603905e-05
9.569596102105332e-05
9.569704315931645e-05
9.569929601900699e-05
9.57064507730455e-05
9.526740079326734e-05
9.260542761884035e-05
8.802407334440772e-05
8.240618719593812e-05
7.693136400217592e-05
7.247178589483572e-05
6.907898821756817e-05
6.626625587729862e-05
6.320059157274537e-05
5.979682169641246e-05
5.642366571698428e-05
5.47878470095093e-05
5.57383885390516e-05
5.995932929127294e-05
6.369360496465365e-05
6.417728431841428e-05
7.774004370273862e-05
7.715462001359037e-05
7.265077898226207e-05
6.755500207647155e-05
6.641123493469195e-05
6.839400275395345e-05
7.247949736028303e-05
7.660142599312606e-05
8.031656548460969e-05
8.372021133787491e-05
8.782713522435622e-05
9.321880788460917e-05
9.985028907595157e-05
0.0001066435449108535
0.0001121799511576123
0.0001154007064766035
0.0001159324016641884
0.0001159214980487633
0.0001159218183051857
0.0001159216146565768
0.0001159214511463209
0.0001159217452114015
0.0001159218309803977
0.0001159214494558023
0.0001159216569078027
0.0001159216962005491
0.0001159219759004288
0.0001159213142538821
0.0001159218039399269
0.0001159238716910127
0.0001159198354780762
0.0001159227279635555
0.0001159198642085734
0.0001159212690455945
0.0001159224292508407
0.0001159224292508417
0.0001159212673555617
0.0001159198650535882
0.000115922728386062
0.0001159198367455995
0.0001159238716910131
0.0001159216674700454
0.0001159238188775942
0.0001159204523388391
0.0001159192997387233
0.0001159219433678042
0.0001159216340915233
0.0001159228488006613
0.0001159220549093061
0.0001159220565993891
0.0001159196271818869
0.0001159209356872835
0.0001159236570614433
0.0001159322666822592
0.000115400913647155
0.0001121817037862754
0.0001066413807105521
9.984709720239195e-05
9.32246513448266e-05
8.782837379852988e-05
8.372087928746356e-05
8.031418809491622e-05
7.660176895788217e-05
7.248064221031253e-05
6.839633105482433e-05
6.641146866818979e-05
6.755255674935741e-05
7.264720639389908e-05
7.715645617747252e-05
7.774005010785178e-05
9.416584921168904e-05
9.346013393554019e-05
8.802550893267686e-05
8.187993957259711e-05
8.050966198071994e-05
8.291624978482115e-05
8.786246872914451e-05
9.285244626818087e-05
9.73509019797106e-05
0.000101473006682269
0.0001064443003774023
0.0001129667691289876
0.000120985632889358
0.0001291983318315514
0.0001358910158753688
0.0001397844710103763
0.0001404277968539111
0.0001404146802289832
0.0001404150677167229
0.0001404148215026635
0.0001404146244292199
0.0001404149791615619
0.0001404150830730693
0.0001404146223811204
0.0001404148726911791
0.0001404149197835603
0.0001404152581358189
0.0001404144585802455
0.0001404150492890348
0.0001404175477722354
0.0001404126741687665
0.0001404161667217008
0.0001404127069290408
0.0001404144032972757
0.0001404158053348644
0.0001404158053348658
0.0001404144012497536
0.0001404127100003171
0.0001404161677454589
0.0001404126731450091
0.0001404175477722347
0.0001404148839519997
0.000140417485834835
0.0001404134194651248
0.0001404120225463289
0.0001404152187216354
0.0001404148455605229
0.0001404163136310741
0.0001404153518097425
0.0001404153574404781
0.0001404124213002968
0.0001404139994244804
0.0001404172897900081
0.0001404276345174361
0.0001397847216561474
0.0001358931291433068
0.0001291957105232206
0.0001209817599994752
0.0001129738076566219
0.0001064457946868866
0.000101473790047193
9.73480063538712e-05
9.285284927197794e-05
8.78638256513899e-05
8.291904779960954e-05
8.05099358287518e-05
8.187699213420834e-05
8.802120735695457e-05
9.346235574672073e-05
9.416586436926834e-05
0.0001140576043992352
0.0001132077959961004
0.0001066557440914007
9.925145970754784e-05
9.761396279996687e-05
0.0001005360959659431
0.0001065234834183612
0.0001125633124027253
0.0001180095880399668
0.0001230014270929845
0.0001290178986258817
0.0001369058180281586
0.0001465983507992911
0.0001565225494506131
0.0001646091518479803
0.0001693135971483431
0.0001700917745827106
0.0001700760208497224
0.0001700764890618413
0.0001700761907666527
0.0001700759538671779
0.0001700763811545991
0.0001700765076664134
0.0001700759507657232
0.0001700762534030711
0.0001700763092165145
0.000170076718519471
0.0001700757535567179
0.0001700764648756591
0.0001700794831749716
0.0001700736003750466
0.0001700778149553017
0.0001700736382045562
0.0001700756865798697
0.0001700773789856235
0.0001700773789856259
0.0001700756847193965
0.0001700736419254922
0.0001700778155754568
0.000170073600375047
0.000170079482554815
0.0001700762651854259
0.000170079408136098
0.0001700744996012592
0.0001700728133970722
0.0001700766707680705
0.0001700762199134295
0.0001700779910795959
0.0001700768313878636
0.0001700768382096526
0.0001700732946380715
0.0001700751997574921
0.0001700791706221111
0.000170091576519268
0.0001693139011645673
0.000164611696504783
0.0001565193835480213
0.0001465936909935784
0.0001369143109602125
0.0001290196944281697
0.0001230024012344142
0.000118006120995056
0.000112563808742784
0.0001065251576066706
0.0001005394958213993
9.761430652293615e-05
9.924790645352565e-05
0.0001066505553690922
0.000113210473302157
0.000114057608157342
0.0001381443857286445
0.0001371224408397525
0.0001292316503089745
0.0001203216973125449
0.0001183710542396492
0.0001219208105704636
0.0001291672139842927
0.0001364763304228129
0.0001430691740632066
0.0001491136817670935
0.0001563934217055372
0.0001659289609224169
0.0001776386518802144
0.0001896243600301946
0.0001993895475325122
0.000205070633605702
0.0002060116121107701
0.0002059927287578105
0.0002059932937565061
0.0002059929331148673
0.0002059926483585652
0.0002059931637750965
0.0002059933155449704
0.0002059926438498064
0.000205993009751856
0.0002059930766201307
0.0002059935694966295
0.0002059924071795822
0.0002059932637028048
0.0002059969061805289
0.0002059898083077936
0.0002059948910969403
0.0002059898563933009
0.0002059923282892846
0.0002059943651616248
0.0002059943674156342
0.0002059923230299271
0.0002059898586473096
0.0002059948941022852
0.0002059898083077931
0.0002059969031751836
0.0002059930262805792
0.0002059968122635121
0.0002059908924858771
0.0002059888631269212
0.0002059935123957509
0.0002059929691783648
0.0002059951029737057
0.0002059937069911412
0.0002059937152559211
0.000205989440904372
0.0002059917384906477
0.0002059965297674663
0.0002060113707524698
0.000205070997672927
0.0001993926272066513
0.0001896205519710853
0.0001776330363439835
0.0001659392217248435
0.0001563956068757978
0.000149114833341475
0.0001430649678539975
0.0001364769285545799
0.0001291691927647922
0.0001219248859113249
0.0001183714685166644
0.0001203174156820979
0.000129225384414715
0.0001371256728464271
0.0001381444006298568
0.0001673077006471538
0.0001660807665421398
0.0001565901202146224
0.0001458843351102273
0.0001435698536438737
0.0001478844388066019
0.0001566526804346088
0.0001654956839981384
0.000173475060323007
0.0001807933952726507
0.0001895992389093565
0.0002011211419099471
0.000215259192636867
0.0002297248126676687
0.0002415087099181587
0.0002483643863519059
0.0002495017580038456
0.0002494791780510307
0.0002494798571024325
0.0002494794247262658
0.0002494790806463088
0.0002494797014466459
0.0002494798834994905
0.0002494790751839669
0.0002494795166636348
0.0002494795967662875
0.0002494801902587157
0.0002494787893615816
0.0002494798225118292
0.0002494842099869271
0.0002494756571412906
0.0002494817823113941
0.0002494757217700679
0.0002494786937838016
0.0002494811487672717
0.0002494811505878024
0.0002494786901427394
0.0002494757181290089
0.0002494817859524513
0.000249475657141293
0.0002494842072561319
0.0002494795357784988
0.0002494840962038649
0.0002494769679222367
0.0002494745184004023
0.0002494801247203507
0.0002494794638669262
0.0002494820417367229
0.0002494803541063163
0.0002494803650295822
0.0002494752183938103
0.0002494779810472124
0.0002494837585022121
0.0002495014683003683
0.00024836482568898
0.0002415124145729337
0.0002297202107146771
0.0002152524063130805
0.0002011334870848905
0.0001896018534042373
0.0001807948066649058
0.0001734700032613196
0.0001654964064502037
0.0001566550907158955
0.0001478893516647244
0.000143570350592804
0.00014587917866906
0.000156582583545032
0.000166084662882622
0.0001673077202566666
0.0002026127167127904
0.0002011426736006246
0.0001897461568303843
0.0001769062321970377
0.0001741737609698844
0.0001794214926903566
0.0001900283437742266
0.0002007239890130701
0.0002103794382110143
0.0002192388255270851
0.0002298871318860559
0.0002438012259814318
0.0002608585930388713
0.0002783027854295846
0.0002925104624242954
0.0003007765016494054
0.0003021505689818769
0.0003021236510074936
0.0003021244670822527
0.0003021239476575908
0.000302123533000756
0.0003021242796034633
0.0003021245001654846
0.0003021235263831554
0.0003021240579391725
0.0003021241549859708
0.0003021248685043855
0.0003021231823068596
0.000302124429585718
0.0003021297010207179
0.0003021194173112336
0.0003021267829836885
0.0003021194923023549
0.0003021230654089257
0.0003021260231471367
0.0003021260220443282
0.0003021230654089215
0.0003021194878911092
0.0003021267829836874
0.0003021194184140469
0.0003021297010207175
0.0003021240822003574
0.0003021295664778232
0.0003021209899192611
0.0003021180476204854
0.0003021247857942169
0.0003021239939748749
0.0003021270983874241
0.0003021250648046507
0.0003021250791413195
0.0003021188857566177
0.0003021222096288164
0.0003021291617524123
0.0003021502219079745
0.0003007770287611903
0.0002925149239489003
0.0002782972642849068
0.0002608504386348219
0.0002438160856134167
0.0002298902788851278
0.0002192405116880047
0.0002103733493032141
0.0002007248480254297
0.0001900312409497867
0.0001794274211842621
0.000174174355738482
0.0001769000077950176
0.0001897370746376099
0.0002011473588353249
0.0002026127345897463
0.0002453458516588362
0.000243588946337391
0.0002299309921233432
0.000214566521187699
0.0002113611337552471
0.0002177489825987872
0.0002305758274397003
0.0002435076257453519
0.0002551881673318306
0.0002659113224931335
0.0002787823731326308
0.0002955736174646746
0.0003161344676831126
0.0003371492425494556
0.0003542611970339959
0.0003642173067215672
0.0003658763208453004
0.000365844345811922
0.0003658453291670637
0.000365844703877798
0.0003658442055177848
0.0003658451033671431
0.0003658453679119275
0.0003658441988366396
0.0003658448361505873
0.0003658449523896328
0.0003658458101564789
0.0003658437859867251
0.000365845286410877
0.0003658516141124195
0.0003658392606646932
0.0003658481122319865
0.0003658393475102547
0.0003658436456977269
0.0003658471956772445
0.0003658471970133305
0.0003658436416894645
0.0003658393501824215
0.0003658481122319881
0.000365839260664698
0.0003658516154485014
0.0003658448682160766
0.0003658514524460696
0.0003658411498898009
0.0003658376159434404
0.0003658457072784219
0.000365844766673027
0.0003658484849997047
0.0003658460506518465
0.0003658460613407267
0.0003658386206799234
0.0003658426209214997
0.0003658509661162231
0.0003658758992779508
0.0003642179433977066
0.0003542665545677194
0.0003371426061456879
0.0003161246536743562
0.0002955914623444048
0.0002787861467678653
0.0002659133645127219
0.0002551808778707609
0.0002435086747283786
0.0002305793158040176
0.0002177561079362163
0.0002113618530034448
0.0002145590613554003
0.0002299200890983456
0.0002435945691821951
0.0002453458770440822
0.0002970597322813392
0.0002949665509474881
0.0002786386040455296
0.0002603051421406805
0.0002565759656289229
0.0002643591722262565
0.0002798645314812044
0.0002954932034577596
0.0003096190995050727
0.0003225954546068518
0.000338145549801459
0.0003583916486981612
0.0003831481201638781
0.0004084329327077499
0.000429016230814243
0.0004409925775040287
0.0004429941385925724
0.0004429563399714532
0.0004429575216233753
0.0004429567705429565
0.0004429561716220066
0.0004429572496791562
0.0004429575669450106
0.0004429561635278315
0.0004429569291760487
0.0004429570683843947
0.0004429580962617178
0.0004429556698233447
0.0004429574649668324
0.0004429650599292631
0.0004429502390690826
0.0004429608642466953
0.0004429503426661784
0.0004429555030967486
0.0004429597602900891
0.0004429597602900911
0.0004429554933845119
0.0004429503523784016
0.0004429608577718799
0.0004429502390690831
0.0004429650615479661
0.0004429569599309709
0.0004429648705408273
0.0004429525101118195
0.0004429482674869689
0.0004429579732405792
0.0004429568450025051
0.0004429613045341496
0.0004429583892472645
0.0004429583941035509
0.0004429494750408914
0.000442954274501767
0.0004429642748618773
0.0004429936341444074
0.0004409933448732461
0.0004290226572616126
0.0004084249802144249
0.0003831363543947886
0.0003584130633908634
0.0003381500935405519
0.0003225978851204562
0.0003096103387499813
0.0002954944542639895
0.0002798687058567313
0.000264367704217153
0.0002565768386507433
0.0002602961956154847
0.0002786255226490908
0.0002949732984383471
0.0002970597650849704
0.0003596266759591953
0.0003571426280571421
0.0003376823801846512
0.0003158833532264536
0.0003115917331850178
0.0003210861049248808
0.00033982032241241
0.0003586982934689537
0.0003757749301417924
0.0003914740764657428
0.0004102495341476308
0.0004346359102983667
0.0004644036586511644
0.00049477979594419
0.0005194993430685461
0.0005338831461000166
0.0005362957931790793
0.0005362513845048427
0.0005362527945384288
0.0005362518963506001
0.0005362511805467002
0.0005362524689928761
0.0005362528494469645
0.0005362511707405781
0.0005362520865775404
0.0005362522532713811
0.0005362534828843668
0.0005362505784870617
0.0005362527258975626
0.0005362618136604782
0.0005362440891889232
0.0005362567853859628
0.0005362442107774625
0.0005362503764931705
0.0005362554773285844
0.0005362554734063748
0.0005362503706098475
0.0005362442205829855
0.0005362567834248565
0.0005362440813445027
0.0005362618136604784
0.0005362521257992794
0.0005362615900944693
0.0005362467915923849
0.0005362417339014557
0.0005362533318795412
0.0005362519806771449
0.0005362573246897249
0.0005362538300000978
0.0005362538496112939
0.0005362431615866709
0.0005362489076273382
0.0005362608742943883
0.0005362951969214801
0.0005338840690981568
0.0005195070326177418
0.0004947702851016196
0.0004643895919243241
0.0004346615252397999
0.0004102549761547731
0.0003914769913799315
0.0003757644524537844
0.0003586998006773549
0.0003398253363909082
0.0003210963403091502
0.000311592811725544
0.0003158726671947296
0.0003376667306857267
0.0003571506938869424
0.0003596267032784176
0.0004353022163990002
0.0004323689192453955
0.0004092642054900488
0.0003834595068763959
0.0003785923770265641
0.0003901901797870303
0.0004128124117104752
0.0004356005188747863
0.0004562346138769695
0.0004752221673245329
0.000497875346325933
0.0005272112140245627
0.0005629448238083437
0.0005993689605131839
0.0006289978539254394
0.0006462394719011174
0.0006491444097119977
0.0006490926357077128
0.000649094313116504
0.000649093243945032
0.0006490923909843591
0.0006490939258372863
0.0006490943820160581
0.0006490923791040777
0.0006490934696581039
0.0006490936668605543
0.000649095139939214
0.0006490916687002055
0.000649094239460287
0.0006491050737173498
0.0006490839326604908
0.0006490990673572952
0.0006490840799683599
0.0006490914239790116
0.0006490975158726748
0.0006490975134967348
0.0006490914216030693
0.0006490840918480313
0.0006490990744850951
0.0006490839207808166
0.000649105076093285
0.0006490935171764818
0.0006491048052368925
0.0006490871544265015
0.000649081121931335
0.0006490949593684472
0.0006490933413571705
0.0006490997207387727
0.0006490955462239805
0.0006490955723594038
0.0006490828254763405
0.0006490896824220152
0.0006491039546552247
0.0006491437006252057
0.0006462405710340911
0.0006290070280431108
0.0005993575942885407
0.0005629280071399639
0.0005272417715765136
0.0004978818673663413
0.0004752256812678297
0.0004562221182684967
0.0004356023009098758
0.0004128184142304288
0.0003902023975098771
0.0003785936583606098
0.0003834467784252299
0.0004092455347906343
0.0004323785413024241
0.0004353022653503078
0.0005268002333374193
0.0005233582950920903
0.0004960589668646815
0.000465684501466089
0.0004602755784897339
0.0004744662497672577
0.0005017639225512139
0.0005292504073401425
0.000554168864133399
0.000577125270225108
0.0006044325364045376
0.0006396671109116143
0.0006824737543448717
0.0007260486610703656
0.0007614758934300437
0.000782093410756241
0.0007855863307589886
0.0007855265736992504
0.0007855285685064543
0.0007855272990828293
0.0007855262829684799
0.0007855281108215617
0.000785528651980975
0.0007855262685752627
0.0007855275667832947
0.000785527802821079
0.0007855295529545681
0.0007855254280507637
0.000785528476392003
0.0007855413634778151
0.0007855162312137252
0.0007855342218964156
0.0007855164039242742
0.0007855251430782977
0.0007855323681364665
0.0007855323710149639
0.0007855251401997802
0.0007855164154383218
0.0007855342305319353
0.0007855162196996792
0.000785541366356337
0.0007855276185962436
0.0007855410468418515
0.0007855200538741059
0.0007855128806292358
0.0007855293428234929
0.000785527417100446
0.0007855350019723294
0.0007855300365442395
0.0007855300566940779
0.0007855149128576049
0.0007855230734323582
0.0007855400307299149
0.0007855854797029702
0.0007820947213837168
0.0007614868316774415
0.000726035160243634
0.000682453737486924
0.0006397034088974896
0.0006044402762174716
0.0005771294660851662
0.0005541540609391518
0.000529252535444158
0.0005017710552711746
0.0004744808123623112
0.0004602771201372566
0.0004656693615844727
0.0004960367625424858
0.0005233697111552858
0.0005268002806368495
0.0006373810913017459
0.0006333752258975278
0.0006013180482903976
0.0005658229002740447
0.0005599857290764787
0.00057738302825903
0.0006102937807673303
0.0006434154383493368
0.0006734869537911447
0.0007012294852877678
0.0007341108810323366
0.000776348465353953
0.0008274971087766821
0.0008794762522627412
0.0009217089399795749
0.0009462895917747624
0.0009504824669878699
0.0009504144281583107
0.0009504167960991241
0.0009504152895444538
0.0009504140898804903
0.000950416252064068
0.0009504168902569411
0.0009504140724429279
0.000950415606896198
0.0009504158893751262
0.000950417957399418
0.0009504130785357755
0.0009504166740384793
0.0009504319418473978
0.0009504021874056631
0.0009504234884054219
0.0009504024001366718
0.000950412747233313
0.0009504212808853132
0.0009504212948348843
0.0009504127472333082
0.0009504024001366677
0.0009504234988676064
0.000950402176943476
0.0009504319418473994
0.0009504156731565305
0.0009504315547467794
0.0009504067105552354
0.0009503982292142145
0.0009504177167692984
0.0009504154255516253
0.000950424409077422
0.0009504185293320497
0.0009504185537442269
0.0009504006285419875
0.0009504102921101635
0.0009504303655468381
0.0009504814560671111
0.0009462911253070253
0.000921721897877563
0.0008794602811842959
0.0008274734317022879
0.0007763914395788401
0.0007341200738123956
0.0007012344604614832
0.0006734694546017109
0.0006434180181694628
0.0006103022563466438
0.0005774002870582216
0.0005599875870266052
0.0005658050170203636
0.0006012917582610111
0.0006333887302879964
0.0006373811484532822
0.0007709543080017024
0.0007663420099829415
0.0007289961717327171
0.0006879073469856205
0.0006818862441332733
0.0007032643416598446
0.0007429001192752289
0.0007827652065410524
0.0008190246352626116
0.0008525330381803033
0.0008920731202249028
0.0009425844921604968
0.001003506275668032
0.001065287022423017
0.001115442668865258
0.001144638567551635
0.001149661259499767
0.001149585244583692
0.001149588033133042
0.001149586254376661
0.001149584847426635
0.001149587386695557
0.00114958813875845
0.001149584826300858
0.001149586630407148
0.001149586959962963
0.001149589393605366
0.001149583651730102
0.001149587889479011
0.001149605850267409
0.001149570841306479
0.001149595904443814
0.00114957108636073
0.001149583258798158
0.001149593310248544
0.001149593322923772
0.001149583258798155
0.001149571086360725
0.001149595921344113
0.001149570824406178
0.001149605850267409
0.001149586710683446
0.001149605398184583
0.00114957616912459
0.001149566181050362
0.001149589114750506
0.001149586410703512
0.001149596977612681
0.0011495900653923
0.001149590094968211
0.001149569016075846
0.001149580373074364
0.001149603999685985
0.001149660083809057
0.001144640387814909
0.001115457931756297
0.001065268242429797
0.001003478382030205
0.0009426350437718516
0.000892083960638999
0.0008525389443847448
0.0008190040472116378
0.0007827682268760759
0.0007429100914418138
0.0007032846899478965
0.0006818885107134492
0.0006878863670260545
0.0007289652499543027
0.0007663578941499317
0.0007709543662498312
0.0009321969638213079
0.0009269626762671446
0.0008839076027727612
0.0008369374876631076
0.0008311850940728527
0.0008575267241503015
0.0009051994049232475
0.0009531114658127462
0.0009967867861793566
0.001037232779988822
0.001084701264607051
0.00114492752066907
0.001217200301858955
0.001290297690810732
0.00134957955696976
0.0013840936423987
0.00139009498482543
0.001390012297685908
0.001390015548120556
0.001390013480127795
0.00139001182163831
0.001390014800775933
0.001390015670970643
0.00139001180628168
0.001390013915224284
0.001390014299133876
0.001390017134945527
0.001390010434444555
0.001390015384317987
0.001390036361134521
0.001389995487566855
0.00139002473123522
0.001389995743506482
0.001390009983990589
0.001390021716265701
0.001390021731622103
0.001390009963515415
0.001389995763981651
0.001390024751710395
0.001389995467091671
0.001390036345778133
0.001390014017600074
0.001390035833898868
0.001390001701782538
0.001389990020695379
0.001390016797105144
0.001390013674641379
0.001390025995577529
0.001390017918121288
0.001390017969309537
0.001389993342793404
0.001390006600469176
0.001390034190766531
0.001390093592036637
0.00138409578114752
0.001349597408451014
0.001290275740852828
0.001217167655852664
0.00114498656094757
0.001084713981712628
0.001037239728591373
0.0009967627898155311
0.0009531150570357444
0.0009052111204875281
0.0008575505784415899
0.0008311878187148613
0.0008369130336129375
0.0008838714662902644
0.0009269812022430904
0.0009321970318717265
0.001126688250383616
0.001120865824388766
0.001071918527269804
0.001019137659769198
0.001014432328012428
0.001046993945810828
0.001104241156143808
0.001161721957398752
0.001214263011966623
0.00126304375659293
0.001319914043606706
0.001391456539103624
0.001476763003815133
0.001562751358579903
0.001632396102423634
0.001672952170426658
0.001680099977437654
0.001680013589034591
0.001680017353382139
0.00168001497198311
0.001680013043297661
0.001680016497566517
0.001680017502219061
0.001680013024692777
0.001680015468107349
0.001680015914619456
0.001680019195244753
0.001680011443294569
0.001680017161132977
0.001680041440240874
0.001679994147143192
0.00168002797665378
0.001679994444818007
0.001680010928564932
0.001680024503780049
0.001680024503780073
0.001680010903758684
0.001679994469624235
0.001680027982855332
0.001679994140941633
0.00168004142783775
0.001680015573533582
0.001680040826286528
0.001680001340953091
0.001679987827753573
0.001680018785942021
0.001680015195238827
0.001680029446423905
0.001680020100672957
0.001680020181293392
0.001679991654116957
0.001680006990575125
0.001680038922407789
0.001680098382423104
0.00167295464608472
0.001632416804754042
0.001562725995181196
0.001476725165615396
0.0013915247956032
0.00131992886307449
0.001263051924077367
0.001214235315878467
0.001161726180033995
0.001104254813662972
0.001047021643751092
0.001014435599554603
0.001019109459947786
0.001071876732618588
0.001120887217192128
0.001126688336279011
0.001361059508573549
0.001354767354744395
0.001300185492207993
0.001242294271920965
0.001239916523569575
0.001280316966948779
0.00134892562030498
0.00141773444278715
0.001480842191091151
0.001539617481339359
0.001607579308234643
0.001692165931430063
0.001792208642816378
0.001892611983482533
0.001973793314227284
0.002021080565102268
0.002029559813118538
0.002029475394451251
0.002029479707121193
0.00202947697225771
0.002029474785869365
0.002029478722870738
0.002029479879928335
0.002029474755815618
0.002029477543273178
0.002029478061694537
0.002029481810861967
0.002029472945095223
0.002029479481719844
0.0020295072285643
0.002029453162413968
0.002029491856226317
0.00202945356062208
0.002029472344026108
0.002029487881657991
0.002029487859117925
0.002029472344026101
0.002029453538081982
0.002029491856226315
0.002029453184954046
0.002029507206024205
0.002029477655972966
0.002029506529821685
0.002029461404571805
0.002029445964613684
0.002029481367574222
0.002029477220198238
0.002029493524193058
0.002029482862732997
0.002029482915326638
0.002029450344904099
0.00202946784352318
0.002029504358460311
0.002029557993880019
0.002021083436619458
0.001973817006948374
0.001892583034473279
0.001792165322074278
0.001692243856990438
0.001607596342442045
0.001539626942977785
0.001480810680292014
0.001417739320965545
0.001348941301811639
0.001280348775332782
0.001239920445794932
0.001242262216092113
0.001300137741200109
0.001354791717845645
0.001361059599657167
0.001643156874883794
0.001636652037483745
0.001577451361662477
0.001516200993159845
0.001518197601540894
0.00156853992621703
0.001650563405114517
0.001732707814922893
0.001808361420008299
0.001879093830243557
0.001960054565820329
0.002059467252826703
0.002175815625365585
0.00229191769056132
0.002385581169538751
0.002440159177620109
0.002450167066452843
0.002450094524880492
0.002450099367488146
0.002450096281691475
0.002450093842182525
0.0024500982569654
0.002450099549541083
0.002450093805771741
0.002450096937082239
0.002450097510548217
0.002450101725073023
0.002450091766778888
0.002450099121716331
0.00245013027096909
0.00245006953811865
0.002450113012353219
0.002450070029661543
0.002450091056772347
0.002450108552056874
0.002450108515646312
0.002450091093182942
0.002450069975045654
0.002450113030558512
0.002450069574529218
0.002450130207250543
0.002450097073621122
0.002450129488141572
0.002450078804611817
0.002450061473174956
0.002450101242633506
0.002450096591181236
0.002450114860190727
0.002450102917519858
0.002450102935725321
0.002450066415911786
0.002450086059420483
0.002450127021324698
0.002450164980245737
0.002440162418998556
0.002385607915590917
0.00229188521754776
0.002175766814283404
0.00205955466472742
0.001960073873745952
0.001879104699249958
0.001808326215272735
0.001732713497963997
0.001650581221172364
0.00156857587729455
0.00151820233023622
0.001516165224620716
0.001577397717742511
0.001636679279781243
0.001643156956431859
0.001982210348942543
0.001975970962353401
0.001914414796235388
0.001853251796791054
0.001862829673008225
0.00192586997271306
0.002023632329761648
0.002121362746071719
0.002211840281045051
0.002296836645791674
0.002392901797012761
0.002508842211737328
0.002642673692201999
0.002775203860007929
0.002881795875124674
0.002943938233481309
0.002955674145199206
0.002955629907613872
0.002955635212133407
0.002955631837532804
0.002955629157702963
0.002955633999041719
0.002955635410639355
0.002955629124618826
0.002955632554359966
0.002955633171933509
0.002955637792710193
0.002955626896940737
0.002955634969514774
0.002955669035336386
0.002955602546881077
0.002955650155217647
0.002955603065202161
0.002955626091888843
0.002955645280794404
0.002955645236681988
0.002955626136001308
0.002955603065202134
0.002955650199330059
0.002955602546881059
0.002955668991223954
0.002955632708752928
0.002955668208228404
0.002955612703767459
0.002955593680283419
0.002955637285417733
0.002955632168376305
0.002955652162333428
0.002955639094027015
0.002955639138139527
0.002955599117140226
0.002955620666060626
0.002955665484286097
0.002955671858554012
0.002943941807405593
0.002881825353763342
0.002775168331032427
0.002642619953299507
0.002508937850759641
0.002392923223401252
0.002296848939429044
0.002211801963284844
0.002121369164366601
0.002023652138559466
0.001925909732781811
0.001862835390146776
0.001853213012351745
0.001914356036034564
0.001976000666104858
0.001982210440207396
0.002388997523684582
0.002383847603768083
0.002324193858188972
0.002269238457891337
0.002291350207717997
0.00237073302308233
0.002486809660419527
0.002602585679964576
0.002710471335967238
0.002812422413318375
0.002925841522288725
0.003059700285660709
0.003211378607968569
0.003360008360802177
0.003479043396322721
0.003548488146851539
0.00356213569032929
0.003562146155152686
0.003562151753351577
0.003562148199363808
0.003562145366862333
0.003562150470709399
0.003562151980486279
0.003562145326780026
0.003562148947571624
0.003562149615614423
0.003562154478966109
0.003562142988629607
0.003562151512855963
0.003562187440198524
0.003562117282342108
0.0035621675191617
0.003562117816776366
0.003562142146895652
0.003562162375232106
0.003562162375232081
0.003562142146895639
0.003562117856858871
0.003562167532522615
0.003562117282342102
0.003562187480281088
0.003562149107901839
0.003562186518299421
0.00356212802447062
0.003562107929742797
0.003562153931171009
0.003562148546746417
0.003562169670260005
0.003562155841773642
0.003562155935299681
0.003562113608106813
0.003562136415088576
0.003562183712519734
0.00356213327294156
0.003548492023023171
0.003479074794971043
0.003359970979481729
0.003211321433081609
0.003059801042882165
0.002925864683381125
0.002812435931145166
0.002710431391680647
0.002602592829877605
0.002486830997266661
0.002370775691044048
0.00229135698165984
0.002269198091869079
0.002324131782930348
0.002383878665227426
0.002388997619825983
0.002375296297820865
0.00237278607493671
0.002329482955026285
0.002295504022085806
0.002329128689392638
0.002411806969065157
0.002525292231761654
0.002638189917072424
0.002744179659393354
0.002845008379108466
0.00295517729127004
0.003081797923131835
0.003222013346457654
0.003357567421386067
0.00346553186468073
0.00352857537622844
0.003541597443998152
0.003541678124952516
0.003541682801252259
0.003541679835142179
0.003541677456909729
0.003541681719022889
0.003541683001665216
0.003541677403466185
0.003541680463102139
0.003541681010897291
0.003541685085958458
0.003541675479502742
0.003541682587478334
0.00354171267612673
0.003541653941802451
0.003541696028499776
0.003541654369349796
0.003541674744655809
0.003541691726304064
0.003541691686221528
0.003541674798099295
0.003541654369349754
0.003541695975056438
0.003541653941802436
0.003541712783013557
0.003541680569989032
0.003541711954640431
0.003541662906937003
0.003541646072258097
0.003541684618328452
0.00354168014244172
0.003541697792133108
0.003541686248353195
0.003541686341879196
0.003541650828723087
0.003541669921386876
0.003541709589769104
0.00354159542865142
0.003528578691001912
0.003465558499296608
0.003357536261069573
0.003221964827260471
0.003081882153593628
0.002955197343941565
0.0028450204353699
0.002744146762184257
0.002638196389236308
0.002525310725236246
0.002411843565223267
0.002329135368581152
0.002295470951597254
0.002329430828182631
0.002372811832372046
0.002375296358499474
0.001950257715261986
0.001950174387921649
0.001926749528661815
0.001914505753364668
0.001950932934445946
0.002021658549684972
0.002113377549053946
0.002204395364547748
0.002290451477017489
0.002372830418441855
0.002461315740328683
0.002560376115421765
0.002667474964771279
0.002769511324584951
0.002850285627137805
0.002897499619510018
0.00290777690110146
0.002907896390950995
0.002907899556017618
0.002907897548902186
0.002907895927770449
0.002907898828162505
0.002907899699382818
0.002907895894685968
0.002907897967969873
0.002907898342925536
0.002907901122008453
0.002907894560284964
0.002907899412651961
0.002907919880817982
0.002907879948043699
0.002907908588036874
0.002907880190662027
0.002907894086076591
0.002907905621476045
0.002907905599420014
0.002907894130189172
0.002907880223746357
0.002907908543924444
0.002907879948043702
0.002907919924930401
0.002907898034138617
0.002907919417637462
0.00290788601350227
0.002907874588383724
0.002907900824249518
0.002907897714323563
0.002907909757016116
0.002907901938088586
0.002907901927060506
0.002907877852703606
0.002907890788672851
0.002907917796506083
0.00290777554393568
0.002897501922641088
0.002850304016488498
0.002769490238366582
0.002667441450264001
0.002560433215668208
0.002461329937684942
0.002372839297087992
0.002290429601503731
0.002204400193577068
0.002113390681671855
0.002021684165582372
0.001950938365434324
0.001914483950723375
0.001926713989310804
0.001950191620609338
0.001950257717017783
0.001602718727167288
0.001604004776082556
0.00159306175095801
0.00159372185121946
0.001629698030170561
0.001689766644999862
0.001764141864616551
0.001837791033075406
0.001907849044243935
0.001975268905075898
0.002046636907667501
0.002124686772381874
0.002207203277157582
0.002284713414258908
0.0023457028885968
0.002381388071518545
0.002389549985285
0.002389684618107343
0.002389686766331692
0.002389685400934803
0.002389684299514629
0.002389686283891244
0.00238968685735778
0.002389684281309119
0.002389685692219028
0.002389685947093108
0.002389687831340733
0.002389683352839265
0.002389686675304864
0.002389700593249691
0.002389673440058581
0.002389692919719788
0.002389673585700922
0.002389683070657394
0.002389690862521929
0.002389690908035203
0.002389683070657502
0.00238967361300887
0.002389692919719791
0.002389673412750622
0.002389700620557639
0.002389685737732366
0.002389700238246502
0.002389677572659359
0.002389669835410743
0.002389687621979867
0.002389685510166239
0.002389693693444474
0.002389688404807625
0.002389688341089187
0.002389672038251352
0.002389680804098947
0.002389699182339967
0.00238954903855138
0.002381389720067286
0.002345715640057421
0.002284699159969903
0.00220718008741287
0.002124725391779408
0.002046647035948703
0.001975275488032091
0.001907834591358569
0.001837794681816771
0.001764151228119346
0.001689784664669164
0.001629702460380498
0.001593707576068558
0.001593037581628943
0.001604016257182496
0.001602718721475107
0.001318099789174172
0.001320084332174077
0.001316769299700358
0.001324649068224358
0.001358369699046366
0.001409102912169138
0.001469586407902232
0.001529370255355976
0.001586533476587242
0.001641789648695758
0.001699560599836758
0.001761452296533964
0.001825553517384226
0.001884958487255746
0.001931428345575187
0.001958644714157216
0.001965162897797843
0.001965298557565383
0.001965300037697575
0.001965299098527266
0.001965298347190974
0.001965299699595941
0.001965300090290664
0.001965298332163996
0.001965299301387547
0.001965299474194861
0.001965300743952961
0.001965297731095049
0.001965299947536787
0.001965309429399307
0.001965290961556428
0.00196530419258629
0.001965291096796914
0.001965297513207724
0.001965302817641141
0.001965302825154541
0.001965297543261282
0.001965291074256828
0.001965304215126403
0.001965290939016344
0.00196530942188594
0.001965299338954503
0.001965309181458198
0.001965293809120165
0.001965288497173503
0.001965300623739194
0.001965299173660508
0.001965304726034785
0.001965301134648009
0.001965301112108082
0.001965290022386383
0.001965295957942216
0.001965308475202743
0.001965162217472467
0.001958645911009325
0.001931437229024617
0.001884948866168813
0.001825537396895629
0.001761478407164717
0.00169956787605284
0.001641794593434766
0.001586524030063938
0.001529373009754854
0.001469593134757225
0.001409115677874
0.001358373330362504
0.001324639781496088
0.001316752840217348
0.00132009192731303
0.00131809978054072
0.001084701043623246
0.001086967948913651
0.001088126900197394
0.00109962810721853
0.001130203986309805
0.001172864470156109
0.001222170459023699
0.00127083059224172
0.001317561698404611
0.001362902993187101
0.001409813077658705
0.001459174415740158
0.001509353016357797
0.00155527111312873
0.001590990193306233
0.001611929740661258
0.001617160866963455
0.001617289553665648
0.001617290570721347
0.00161728992575895
0.001617289423432443
0.001617290335061634
0.001617290601728707
0.001617289411029061
0.00161729006219276
0.001617290186223936
0.001617291048240757
0.001617289007927579
0.001617290496302162
0.001617296945924885
0.001617284406370328
0.001617293373826264
0.001617284511796776
0.001617288840485737
0.001617292468398409
0.001617292443592305
0.00161728886529207
0.001617284493192118
0.001617293392430938
0.001617284406370309
0.00161729692111865
0.001617290099402322
0.001617296784684013
0.001617286316450349
0.001617282725747083
0.001617290961418975
0.001617289987774175
0.001617293770725935
0.001617291296303462
0.001617291296303614
0.001617283767609704
0.001617287792422433
0.001617296294761518
0.001617160394762323
0.001611930591263091
0.001590996396146712
0.00155526465278053
0.001509341794484125
0.001459192031021889
0.001409818341868893
0.001362906727640672
0.001317555555915364
0.001270832716300831
0.001222175323374198
0.001172873540899508
0.00113020696904069
0.001099622202468127
0.001088115711813775
0.001086972945305192
0.001084701018806126
0.0008930930286771466
0.0008953925699812746
0.0008990029460526643
0.0009119006571799376
0.0009390067062858273
0.0009747537095510631
0.001015030484190517
0.001054727590715816
0.001092991935287961
0.0011302346741139
0.001168426935607912
0.001207995199098017
0.00124755236232229
0.001283331120704556
0.001311017000782007
0.001327261629844136
0.001331477905607576
0.001331595524798786
0.001331596210716877
0.001331595775619226
0.001331595437778715
0.001331596052033852
0.001331596231191598
0.001331595427540885
0.00133159586775703
0.001331595949657642
0.001331596538318884
0.001331595156244708
0.001331596154409721
0.001331600546334923
0.001331592023543459
0.001331598130264265
0.001331592095206453
0.001331595043631579
0.001331597490414933
0.001331597490415065
0.001331595043631611
0.001331592095206471
0.001331598125145461
0.00133159202354345
0.001331600546334917
0.001331595883113663
0.001331600433721016
0.001331593303241268
0.001331590912764639
0.001331596466655891
0.001331595826806798
0.001331598381084965
0.001331596707239432
0.001331596702120761
0.001331591588445979
0.001331594342357175
0.001331600085643944
0.001331477601075452
0.001327262245545803
0.001311021324406976
0.001283326790485558
0.001247544492983957
0.001208007056191134
0.001168430763158586
0.001130237502623459
0.001092988010635883
0.001054729235996211
0.001015034052957903
0.0009747602164099668
0.000939009138890075
0.0009118969713431
0.0008989953330597966
0.0008953958228526053
0.0008930929920250845
0.000735647680639278
0.0007378376258774093
0.000742625649182277
0.0007555909671818031
0.0007792374691650753
0.0008091076017482002
0.0008420656721727538
0.000874513553061676
0.0009058874578430533
0.0009365036607584057
0.0009676683239205593
0.000999527767532548
0.001030910891107492
0.001058996956244416
0.001080624851994164
0.00109332541588223
0.001096736383255353
0.001096841233131853
0.001096841689439485
0.001096841393684142
0.001096841165530057
0.001096841583812277
0.001096841706339374
0.001096841161304777
0.001096841457059837
0.001096841516210738
0.001096841913367582
0.001096840975401368
0.001096841651413507
0.001096844634315784
0.001096838845964811
0.001096843003437245
0.001096838896665541
0.001096840899350404
0.00109684256402941
0.001096842547129215
0.0010968409204758
0.001096838892440466
0.001096842982311883
0.001096838850189875
0.001096844646990999
0.001096841461285192
0.001096844554038776
0.001096839724779401
0.001096838098126114
0.001096841866891982
0.001096841431709499
0.001096843147089506
0.00109684203589515
0.001096842031670151
0.001096838550209546
0.001096840430367507
0.00109684431321056
0.001096736185190246
0.001093325875303227
0.001080627908086962
0.001058994080940702
0.001030905350132663
0.0009995357362629497
0.0009676711409786336
0.0009365058404753897
0.0009058850055640086
0.0008745148211766418
0.0008420682923992921
0.000809112300699862
0.000779239477246333
0.0007555887386565699
0.0007426204463977997
0.0007378397281459009
0.0007356476698556899
0.0006061744999513508
0.0006081809591889057
0.0006133647668955633
0.0006256466520380307
0.0006460319045154088
0.0006709350960324669
0.0006979436103498432
0.0007245093818037128
0.0007502627100004614
0.0007754489069263903
0.0008009274852764363
0.0008266791208778978
0.0008517193327777549
0.0008739166412163426
0.0008909343940955103
0.0009009352481535314
0.0009037035631929294
0.0009037953989302303
0.0009037957023331519
0.0009037955070389659
0.000903795350106167
0.0009037956325849899
0.0009037957197698147
0.0009037953501060565
0.0009037955453999897
0.0009037955907359486
0.0009037958557777015
0.0009037952175848132
0.0009037956848960531
0.0009037977006097488
0.0009037937807793517
0.0009037965881310467
0.0009037938226278717
0.000903795165274322
0.0009037963021645834
0.0009037962847276575
0.0009037951827113295
0.0009037938191404742
0.0009037965741814805
0.0009037937982163169
0.0009037976936349832
0.0009037955523751048
0.0009037976448107278
0.0009037943840976183
0.0009037932611570605
0.0009037958278788708
0.0009037955384253032
0.0009037966857778348
0.000903795939475639
0.0009037959394756824
0.0009037935854851336
0.0009037948514091363
0.0009037974843915934
0.0009037034156094636
0.0009009355794494415
0.0008909365544044561
0.0008739147278104048
0.0008517154096386308
0.0008266844401630012
0.0008009295632480649
0.0007754505955049451
0.000750261214320498
0.0007245103865405359
0.0006979455673708888
0.0006709385125372527
0.0006460335443922467
0.0006256453653108423
0.0006133612310322842
0.0006081822765341327
0.0006061744821741167
0.0004996357513111241
0.0005014273580215562
0.0005065453096606903
0.0005177594542351974
0.0005351764214715133
0.0005559007580473454
0.0005780606945353493
0.0005998404679746653
0.0006210000664910419
0.000641731251043042
0.0006625945529409073
0.0006834785640052745
0.0007035585258285636
0.0007212091596740481
0.0007346874926971899
0.0007426136984550795
0.0007448665827901278
0.000744945983264262
0.0007449461933951732
0.0007449460609836499
0.0007449459516002451
0.000744946144460306
0.0007449462049089978
0.0007449459516001607
0.000744946086889995
0.0007449461156749219
0.000744946294142247
0.0007449458652444517
0.0007449461847597086
0.0007449475434162698
0.0007449448923091348
0.0007449467834895777
0.0007449449210939864
0.0007449458249458333
0.000744946599264814
0.0007449465848722563
0.0007449458393383917
0.0007449449210940206
0.0007449467834895745
0.0007449449009446566
0.0007449475319022244
0.0007449460955259213
0.0007449475002377071
0.0007449453039350721
0.0007449445411303593
0.0007449462797501189
0.000744946081133065
0.0007449468554520831
0.0007449463517129591
0.0007449463517130144
0.0007449447570189519
0.0007449456176933227
0.0007449474023693127
0.0007448664776432416
0.0007426139538702164
0.000734689043003659
0.0007212079081199372
0.0007035557535240145
0.0006834821196792107
0.0006625961138941379
0.0006417325711579318
0.0006209991823648293
0.0005998412545375931
0.0005780621504709638
0.0005559032739546548
0.0005351777757489596
0.0005177587436986663
0.0005065429053190747
0.0005014281879179324
0.0004996357366151401
0.00041192234874356
0.0004134934591357827
0.0004182895618759151
0.0004282792535300362
0.000443057869248618
0.0004602790556260904
0.0004784793533845856
0.0004963558197004774
0.0005137547407851455
0.0005308271021022186
0.000547934118166161
0.0005649187675219525
0.0005810920244202719
0.0005952037174365955
0.0006059416690432494
0.000612260162795448
0.0006140978251928175
0.0006141658096872685
0.0006141659546190117
0.0006141658643334892
0.0006141657883035706
0.0006141659213557871
0.0006141659617466923
0.0006141657883035424
0.0006141658833408123
0.0006141658999721826
0.0006141660235204083
0.0006141657336564858
0.0006141659498674403
0.0006141668574741355
0.0006141650778997289
0.000614166349024044
0.0006141650921550841
0.0006141657098977703
0.0006141662254753351
0.0006141662183475211
0.0006141657146496167
0.0006141650921551347
0.0006141663513999688
0.0006141650731478647
0.0006141668693538066
0.0006141658809653686
0.0006141668408415117
0.0006141653487552786
0.0006141648379298963
0.0006141660187690217
0.0006141658738371442
0.0006141663989184705
0.0006141660615358709
0.0006141660615359433
0.0006141649828621524
0.0006141655578381305
0.000614166774316289
0.0006140977531741965
0.0006122603401713185
0.0006059427757023736
0.000595202887366528
0.0005810900337605162
0.0005649211229157623
0.0005479353016235721
0.0005308281492599873
0.0005137542624729565
0.0004963564491573416
0.0004784804555854237
0.0004602809242380832
0.0004430589808056709
0.0004282789220709073
0.0004182879357908666
0.0004134939496172345
0.0004119223300403086
0.0003396760277493894
0.0003410357146960083
0.0003453839627306562
0.0003541292143715313
0.0003666018190325973
0.0003808947673138877
0.0003958556255764201
0.0004105423621791013
0.0004248583396828287
0.0004389231967920714
0.0004529659730502509
0.0004668127482873419
0.0004798891414307691
0.0004912254828570006
0.0004998249033472772
0.0005048877228739168
0.0005063896291093057
0.0005064474215038816
0.0005064475175979041
0.0005064474607258437
0.0005064474077759447
0.0005064474960256406
0.0005064475234811835
0.0005064474097370591
0.0005064474705312517
0.0005064474822977537
0.0005064475666249313
0.000506447370514169
0.0005064475097540231
0.0005064481294632297
0.0005064469292664795
0.0005064477843083371
0.0005064469410328855
0.0005064473567872233
0.0005064477019417746
0.0005064476980195564
0.0005064473509038798
0.000506446942994018
0.0005064477862694388
0.0005064469273053618
0.0005064481353465305
0.0005064474666097009
0.0005064481216175876
0.0005064471057651435
0.0005064467664942481
0.0005064475607421044
0.0005064474705313267
0.0005064478176470011
0.0005064475881975985
0.0005064475960420768
0.0005064468665108649
0.0005064472508875558
0.0005064480627853731
0.000506389584030775
0.0005048878498238247
0.0004998256949409225
0.0004912249535858135
0.0004798876906084318
0.0004668142887695158
0.000452966877373114
0.0004389240263216208
0.0004248581181910317
0.000410542865668878
0.0003958564683068464
0.0003808961533274761
0.0003666027348010398
0.0003541291251566307
0.0003453828540518228
0.0003410359906646561
0.0003396760116160399
0.0002801476380689217
0.0002813127727088727
0.0002851672063614932
0.00029272603271094
0.0003032078357522206
0.0003150587825716288
0.0003273654792526155
0.0003394412578205697
0.0003512269572840048
0.0003628179339230477
0.000374356146255806
0.0003856678409899151
0.0003962751045389385
0.0004054199573620174
0.0004123382804021174
0.0004164132508578379
0.0004176427780439413
0.0004176916210396895
0.0004176916857877662
0.0004176916469389111
0.0004176916113273603
0.0004176916696006571
0.000417691689025196
0.0004176916129460784
0.0004176916534136431
0.0004176916615070624
0.0004176917165426642
0.0004176915838084221
0.0004176916809324668
0.000417692095320427
0.000417691287586662
0.000417691868701502
0.0004176912989173753
0.0004176915724784438
0.0004176918104280299
0.0004176918088093184
0.0004176915724784405
0.0004176912956799638
0.0004176918670828027
0.0004176912892053706
0.0004176920985578498
0.0004176916534144821
0.0004176920872255766
0.0004176914106074788
0.0004176911839891869
0.0004176917052121793
0.0004176916550323962
0.0004176918913632836
0.0004176917278740284
0.000417691739205031
0.0004176912487375561
0.0004176915093489702
0.0004176920451403225
0.0004176427557607663
0.0004164133486051814
0.0004123388506662382
0.0004054196180113346
0.0003962740610673217
0.0003856688570356814
0.00037435683110337
0.0003628185911341794
0.0003512268805552395
0.0003394416541791439
0.0003273661313559846
0.000315059834466136
0.0003032085919124888
0.0002927260756707389
0.0002851664551604664
0.0002813129161969449
0.0002801476198641227
0.0002310835264998912
0.0002320744263223022
0.000235436697129835
0.0002419077280284639
0.0002506867519050884
0.0002605050122638946
0.000270634361158977
0.0002805699312566834
0.0002902769314983391
0.0002998317625059222
0.0003093195142376498
0.0003185762034409591
0.0003272047290358543
0.0003346083301999511
0.0003401963258092521
0.0003434890490391451
0.0003444969971013753
0.0003445380886973981
0.0003445381314520545
0.0003445381060665114
0.0003445380806808266
0.0003445381207633225
0.0003445381341242954
0.0003445380820169391
0.0003445381100746965
0.000344538114082893
0.0003445381528290778
0.0003445380606383865
0.0003445381341253098
0.0003445384013416296
0.0003445378669073526
0.000344538253035947
0.0003445378709153996
0.0003445380579673725
0.0003445382102811259
0.0003445382196337325
0.0003445380526230255
0.0003445378722514779
0.0003445382530359591
0.0003445378615630098
0.0003445384106942265
0.00034453811141186
0.0003445383959958808
0.0003445379524162208
0.0003445377947584174
0.0003445381434768387
0.0003445381100747523
0.0003445382677328698
0.0003445381621819814
0.0003445381675263964
0.0003445378375133022
0.0003445380112043463
0.0003445383759558155
0.0003444969762000567
0.0003434891228929036
0.0003401967652973511
0.0003346081182365019
0.0003272039610164724
0.0003185768580746489
0.0003093200520192306
0.0002998322974579965
0.000290276948996206
0.0002805702511593368
0.0002706348734865515
0.0002605058163150056
0.0002506873814099845
0.0002419078446336982
0.000235436178492461
0.0002320744790047098
0.0002310835174993341
0.0001906340912306872
0.0001914718638703586
0.0001943702777332266
0.0001998695272551218
0.0002072025024929028
0.0002153313629516071
0.0002236726423292092
0.0002318518171646373
0.0002398497347995965
0.0002477278836072312
0.0002555346194977348
0.0002631206006402396
0.0002701562674641882
0.0002761687297216577
0.0002806976849752636
0.0002833672815491231
0.0002841945317263204
0.0002842289746662506
0.0002842290033392455
0.0002842289867971942
0.0002842289702549704
0.0002842289967223532
0.0002842290044421627
0.0002842289713578097
0.0002842289890027464
0.0002842289912083202
0.0002842290187783714
0.0002842289570198865
0.0002842290044433867
0.0002842291842003355
0.0002842288268898108
0.00028422908605014
0.0002842288257867913
0.000284228957021249
0.0002842290584798222
0.0002842290595826323
0.0002842289526100111
0.0002842288301980313
0.0002842290871529429
0.0002842288213757646
0.0002842291886115802
0.0002842289923124652
0.000284229176479213
0.0002842288864410965
0.0002842287783658699
0.0002842290121617585
0.0002842289912083983
0.0002842290904613834
0.0002842290264982256
0.0002842290287039345
0.0002842288059362452
0.0002842289217312603
0.0002842291687609153
0.0002841945219338657
0.0002833673457023947
0.0002806980125105141
0.0002761685995181588
0.0002701556926575776
0.0002631210086355713
0.0002555350326379162
0.0002477283056237273
0.0002398498066587527
0.0002318520902688339
0.0002236730429075636
0.0002153319699033963
0.0002072030095708969
0.0001998696682594453
0.0001943699291122634
0.0001914718739651823
0.0001906340793261463
0.0001572798555599976
0.0001579849107128014
0.0001604611848309076
0.0001651079432242435
0.0001712197070066399
0.0001779462091568094
0.0001848178407472863
0.0001915541995685051
0.0001981459857591448
0.0002046428729386952
0.0002110699077593171
0.0002172942719246321
0.00022304270888931
0.0002279383014473522
0.0002316196950109362
0.0002337903386561807
0.0002344699446967079
0.0002344987387104906
0.0002344987587362445
0.0002344987469029295
0.000234498735979681
0.0002344987541848856
0.0002344987587363665
0.0002344987368899799
0.0002344987487233852
0.0002344987505438908
0.0002344987678387914
0.0002344987277858413
0.0002344987578274656
0.0002344988816219845
0.0002344986376713289
0.0002344988160829869
0.0002344986404019126
0.0002344987259667734
0.0002344987969674057
0.0002344987942366073
0.0002344987250565098
0.0002344986404019172
0.0002344988133521968
0.000234498640402132
0.0002344988816219809
0.0002344987478145521
0.0002344988743384416
0.0002344986804533993
0.0002344986112734203
0.0002344987614670887
0.0002344987514542163
0.0002344988160830368
0.0002344987742107058
0.0002344987742108004
0.0002344986276582717
0.0002344987022998386
0.0002344988688783242
0.0002344699384361015
0.0002337903810364835
0.0002316199346225361
0.0002279382338288055
0.0002230422710545842
0.0002172945182763187
0.0002110702347925059
0.0002046432155332442
0.0001981460730262079
0.0001915544207466519
0.0001848181576095461
0.0001779466893055604
0.0001712201348458161
0.0001651081103093003
0.000160460947458319
0.0001579848899939738
0.0001572798495060474
0.0001297715478183395
0.0001303627302971024
0.000132463835349852
0.0001363726407149656
0.0001414575696912588
0.0001470211810424616
0.0001526839872696971
0.0001582341420248528
0.0001636683999937424
0.0001690270384407962
0.0001743205732280964
0.0001794328586841533
0.00018413755725719
0.0001881326917626297
0.000191132619876201
0.0001929018936042426
0.0001934606572146153
0.000193484664628174
0.0001934846774008293
0.0001934846691362544
0.0001934846623741676
0.0001934846743954509
0.0001934846781522877
0.0001934846623741861
0.0001934846713901952
0.000193484672141521
0.0001934846834115015
0.0001934846556106743
0.0001934846781536679
0.0001934847585450737
0.0001934845985107987
0.0001934847127136985
0.0001934846007645996
0.0001934846571148171
0.0001934846999409771
0.0001934847029463188
0.0001934846533581274
0.0001934846007646032
0.0001934847134650311
0.0001934846000134675
0.0001934847592964063
0.0001934846676349629
0.0001934847562897193
0.0001934846248072786
0.0001934845789758436
0.0001934846811575648
0.0001934846706388874
0.0001934847179731031
0.0001934846871681724
0.0001934846856655778
0.0001934845924999658
0.0001934846405853532
0.0001934847487778211
0.0001934606512929208
0.000192901935338287
0.0001911327994649089
0.000188132652959589
0.0001841372433637586
0.0001794330155170083
0.0001743208291821693
0.0001690273092346599
0.0001636684962792993
0.0001582343052217287
0.0001526842323467119
0.0001470215544664872
0.0001414579202794473
0.0001363727973403999
0.0001324636700234249
0.0001303626887822284
0.0001297715354043164
0.0001070813294024443
0.0001075755868197793
0.0001093487997161497
0.0001126251212551654
0.0001168496701629159
0.0001214497469266425
0.0001261176828447471
0.0001306919342271514
0.0001351728679171047
0.000139593239054969
0.0001439548108243155
0.0001481572836124403
0.0001520132514285897
0.0001552796950547871
0.0001577294745384524
0.0001591745886130351
0.0001596343038863346
0.0001596542908746134
0.0001596542983164124
0.0001596542933552958
0.0001596542890141409
0.0001596542964559394
0.0001596542995568629
0.0001596542883940114
0.0001596542952157081
0.0001596542952157071
0.0001596543026575482
0.0001596542846717077
0.0001596542983178242
0.0001596543516497473
0.0001596542474638824
0.0001596543206421082
0.0001596542499443191
0.0001596542846730566
0.0001596543138203922
0.0001596543144405369
0.0001596542846730562
0.0001596542474637002
0.0001596543231227285
0.0001596542493243397
0.0001596543491691326
0.0001596542939767311
0.0001596543497880859
0.000159654265448192
0.0001596542313396372
0.0001596543032777295
0.0001596542939754094
0.0001596543249832509
0.0001596543051381185
0.0001596543045180448
0.0001596542431226642
0.0001596542759908146
0.0001596543435878783
0.0001596343002370431
0.0001591746259042588
0.0001577296213561491
0.0001552796780332457
0.0001520130070976439
0.0001481573656463532
0.000143955034671685
0.0001395934753794549
0.0001351729728004611
0.0001306920805101756
0.0001261178805234155
0.0001214500403489178
0.0001168499550528977
0.0001126252613602012
0.0001093486891600008
0.0001075755464664633
0.0001070813225573051
8.83631451823588e-05
8.877538407982792e-05
9.02655402996322e-05
9.300386795879027e-05
9.650951076364776e-05
0.0001003117864656204
0.0001041605201176348
0.0001079314658593856
0.0001116269730934544
0.0001152737375476089
0.0001188685145169941
0.0001223255047965514
0.0001254896355349062
0.0001281645497431315
0.0001301686401166158
0.0001313510589227039
0.0001317294985310695
0.0001317461102561409
0.0001317461148630116
0.0001317461123037149
0.0001317461087205043
0.000131746113839223
0.0001317461153749818
0.0001317461087205164
0.0001317461128155312
0.0001317461133274091
0.000131746117422445
0.0001317461071836902
0.0001317461143523476
0.0001317461491588324
0.0001317460831266871
0.0001317461286837927
0.0001317460846621682
0.0001317461051373406
0.0001317461251006367
0.0001317461251006412
0.0001317461066729827
0.0001317460810790087
0.0001317461307313169
0.000131746085174209
0.0001317461465994257
0.0001317461123048275
0.0001317461491578072
0.0001317460923403495
0.0001317460734008176
0.0001317461163986882
0.0001317461138393163
0.0001317461307313723
0.0001317461194699045
0.0001317461194699646
0.0001317460795434323
0.000131746099506621
0.0001317461455758089
0.0001317294895673686
0.0001313510746766946
0.0001301687391581256
0.0001281645346866211
0.0001254894424707546
0.0001223255485693971
0.0001188686827763963
0.0001152739182374522
0.0001116270684444414
0.0001079315717963453
0.0001041606715319779
0.0001003120218721086
9.650974915641645e-05
9.300400489781413e-05
9.026547500564088e-05
8.877535130741132e-05
8.836314539304243e-05
7.292016112329838e-05
7.326334618982145e-05
7.451140533389718e-05
7.679483181069163e-05
7.970114027546135e-05
8.284319176520062e-05
8.601707794840705e-05
8.912645055999917e-05
9.217464656013379e-05
9.518346009064761e-05
9.814701267364251e-05
0.000100992418433774
0.0001035914226682783
0.000105784850839639
0.0001074268034432495
0.0001083956954739692
0.0001087073607336415
0.0001087211452840322
0.0001087211478190347
0.0001087211465516014
0.0001087211444390195
0.0001087211478190186
0.0001087211482416293
0.0001087211444390349
0.0001087211465515558
0.0001087211473965676
0.0001087211499316086
0.00010872114317051
0.0001087211490875825
0.000108721169366826
0.0001087211275388553
0.0001087211575367461
0.0001087211271162172
0.0001087211444390192
0.0001087211533116712
0.0001087211558467169
0.0001087211423264832
0.0001087211258486972
0.0001087211592267759
0.0001087211292288831
0.0001087211680993056
0.0001087211469750475
0.0001087211697884752
0.0001087211334538265
0.0001087211224686394
0.0001087211486640925
0.0001087211469740752
0.0001087211592268234
0.0001087211511990779
0.0001087211503541185
0.0001087211258487369
0.0001087211381013644
0.0001087211680994281
0.0001087073594683231
0.0001083957104300298
0.0001074268850358228
0.0001057848613738595
0.0001035912860357871
0.0001009924416235814
9.814714731078115e-05
9.518361254920113e-05
9.217473048708699e-05
8.912654844350663e-05
8.601721085406374e-05
8.284337589706969e-05
7.970133355798238e-05
7.679494568842211e-05
7.451135571437536e-05
7.32633010114672e-05
7.292015503328619e-05
6.017828543785435e-05
6.046354221773418e-05
6.150600668889213e-05
6.340655808244995e-05
6.581411383170351e-05
6.841006646025706e-05
7.102785290438771e-05
7.359216572949296e-05
7.61067300387357e-05
7.858937588854118e-05
8.103304789660561e-05
8.337620857743074e-05
8.551281601480886e-05
8.731342778179577e-05
8.866035612980805e-05
8.945525896087332e-05
8.971204552115938e-05
8.972348521019705e-05
8.972348695385984e-05
8.97234862564591e-05
8.972348486146307e-05
8.97234869538521e-05
8.972348765141479e-05
8.972348486147445e-05
8.972348625642057e-05
8.972348660516341e-05
8.972348834885821e-05
8.972348381442783e-05
8.972348765219501e-05
8.972350055462375e-05
8.972347370191176e-05
8.972349462616532e-05
8.972347370180365e-05
8.972348486146285e-05
8.972349113877386e-05
8.972349183624849e-05
8.972348381524416e-05
8.972347335306399e-05
8.972349357995094e-05
8.972347474813099e-05
8.972349985714525e-05
8.972348730345466e-05
8.97234995076997e-05
8.972347858415399e-05
8.972347091188609e-05
8.972348834885317e-05
8.972348625643427e-05
8.972349462620173e-05
8.97234883488065e-05
8.972348869759847e-05
8.972347370184273e-05
8.972348067655723e-05
8.972349985725893e-05
8.971204447600094e-05
8.945527294277971e-05
8.866041890926251e-05
8.731343348103195e-05
8.551269825444999e-05
8.337621454783857e-05
8.103315861477525e-05
7.858949500884215e-05
7.610681047162622e-05
7.359224440273843e-05
7.102795554076713e-05
6.841021607948002e-05
6.581427456170966e-05
6.340666384122953e-05
6.150597101521534e-05
6.046349591167927e-05
6.017827940516142e-05
4.966436974915983e-05
4.990117192971048e-05
5.077003287384719e-05
5.234952677099938e-05
5.434263222870231e-05
5.648702545614985e-05
5.864643739259224e-05
6.076156174796536e-05
6.283611486274714e-05
6.488472557676468e-05
6.690008149981432e-05
6.883041565515319e-05
7.058808580062917e-05
7.206760681682052e-05
7.317368393563593e-05
7.38265240310948e-05
7.403815288626349e-05
7.404761956961407e-05
7.404762043312747e-05
7.404762014534414e-05
7.404761928176259e-05
7.404762043313116e-05
7.404762100890052e-05
7.404761928177091e-05
7.404762014532038e-05
7.404762043316734e-05
7.404762129672044e-05
7.404761841753386e-05
7.404762100954678e-05
7.404762878074894e-05
7.404761266128701e-05
7.404762503878343e-05
7.404761266118883e-05
7.404761870606497e-05
7.404762417523048e-05
7.404762244811957e-05
7.404761899391089e-05
7.404761266119703e-05
7.404762388737184e-05
7.404761266127693e-05
7.404762906860686e-05
7.40476210095441e-05
7.404762791660752e-05
7.404761553969885e-05
7.404761064623978e-05
7.404762187241876e-05
7.404761985746819e-05
7.404762475095605e-05
7.404762100882591e-05
7.404762187242158e-05
7.40476126612227e-05
7.404761669107297e-05
7.40476290686952e-05
7.403815144832411e-05
7.382653786711944e-05
7.31737355604486e-05
7.206761859514393e-05
7.058799610330106e-05
6.883040550039629e-05
6.690017030117319e-05
6.488482395024531e-05
6.283617501957168e-05
6.076161421689647e-05
5.864651252939416e-05
5.648714331902785e-05
5.4342766689679e-05
5.234961368510337e-05
5.077001275011313e-05
4.990114677201399e-05
4.966436978816228e-05
4.098838802640378e-05
4.118477068296623e-05
4.190764242190232e-05
4.321869254987662e-05
4.486784660862316e-05
4.663899858812821e-05
4.842046810820151e-05
5.016529004745339e-05
5.187697821251289e-05
5.356751147519507e-05
5.522986128926937e-05
5.682064142195429e-05
5.826742080585949e-05
5.948405670528472e-05
6.03931467960992e-05
6.092975844810315e-05
6.110421753886575e-05
6.111206126899379e-05
6.111206150657184e-05
6.111206150661544e-05
6.11120610314019e-05
6.111206174414617e-05
6.111206174420715e-05
6.111206103141405e-05
6.111206150658441e-05
6.111206174417701e-05
6.111206221936443e-05
6.111206031805996e-05
6.111206269511377e-05
6.111206602079398e-05
6.11120574675729e-05
6.111206364492601e-05
6.111205675472468e-05
6.111206103139963e-05
6.111206364492381e-05
6.1112063407336e-05
6.111206008102763e-05
6.111205770509234e-05
6.111206340734161e-05
6.11120569923898e-05
6.111206673356559e-05
6.111206198233924e-05
6.111206625790256e-05
6.111205913065279e-05
6.111205580434662e-05
6.11120619817755e-05
6.111206174419517e-05
6.111206364496294e-05
6.11120626945256e-05
6.111206269455177e-05
6.111205675474929e-05
6.111205936822559e-05
6.1112066733637e-05
6.110421658892901e-05
6.09297719230204e-05
6.039319542443093e-05
5.948407183202062e-05
5.82673562578664e-05
5.682062797533784e-05
5.522993548579896e-05
5.35676020198349e-05
5.187703690538609e-05
5.016534808661061e-05
4.842054143603206e-05
4.663909369371643e-05
4.486795511683346e-05
4.321877717108831e-05
4.190763460111547e-05
4.118474293677999e-05
4.098838788380623e-05
3.382872701290476e-05
3.399145651070507e-05
3.459200338248323e-05
3.567914746653675e-05
3.7043108679171e-05
3.85058103827858e-05
3.997562777009088e-05
4.141512367153473e-05
4.282750967662034e-05
4.422262224146868e-05
4.559394954719448e-05
4.690526062829794e-05
4.80967123330601e-05
4.909781017709643e-05
4.984554021141254e-05
5.028693523768721e-05
5.043078786208673e-05
5.04372760150785e-05
5.043727640727689e-05
5.043727640732161e-05
5.043727601507944e-05
5.043727640726703e-05
5.043727640731698e-05
5.043727601507988e-05
5.043727621118982e-05
5.043727640730173e-05
5.043727679952335e-05
5.043727581850666e-05
5.04372766038705e-05
5.04372787605653e-05
5.043727464236712e-05
5.043727719174007e-05
5.043727385786095e-05
5.043727601507758e-05
5.043727660341026e-05
5.043727797618613e-05
5.043727523063486e-05
5.043727464230184e-05
5.043727719173861e-05
5.043727385792204e-05
5.043727876056569e-05
5.043727660386631e-05
5.043727895627386e-05
5.043727503452596e-05
5.043727307341932e-05
5.043727679951846e-05
5.043727640730684e-05
5.043727758398094e-05
5.043727660337963e-05
5.043727719174514e-05
5.043727385788132e-05
5.043727523061691e-05
5.043727876062235e-05
5.04307872741419e-05
5.02869420079399e-05
4.984556193075194e-05
4.909781418428386e-05
4.809665717914029e-05
4.690524770809406e-05
4.559400282580664e-05
4.422267400015034e-05
4.28275521487015e-05
4.141516845505991e-05
3.997568084214535e-05
3.850587710535761e-05
3.704319171013392e-05
3.567921533638994e-05
3.459199899595524e-05
3.399142684063348e-05
3.382872070196062e-05
2.792015118143095e-05
2.805489480287173e-05
2.855325176122233e-05
2.945399233350328e-05
3.058167051010117e-05
3.178951076929478e-05
3.300228920480518e-05
3.418999409681591e-05
3.535547089906038e-05
3.650681495799132e-05
3.763818806456844e-05
3.871937728634892e-05
3.970094896883634e-05
4.052513490268755e-05
4.114051649152875e-05
4.150381242033953e-05
4.162244480819865e-05
4.162781198994531e-05
4.162781198993068e-05
4.162781215183229e-05
4.162781182807366e-05
4.162781198992338e-05
4.162781215183329e-05
4.162781182808299e-05
4.162781198994423e-05
4.16278119899401e-05
4.1627812313685e-05
4.162781198956481e-05
4.162781150471573e-05
4.162781377047018e-05
4.162781085690202e-05
4.162781263742927e-05
4.162781069498232e-05
4.162781215181683e-05
4.16278119899456e-05
4.162781247555499e-05
4.162781215181656e-05
4.162781085685693e-05
4.162781263742784e-05
4.162781069503455e-05
4.162781328485922e-05
4.162781199032869e-05
4.162781328452862e-05
4.162781118059347e-05
4.162781037124202e-05
4.162781263742689e-05
4.162781198994964e-05
4.162781263744538e-05
4.162781198992528e-05
4.162781263742298e-05
4.162781069500059e-05
4.16278121518004e-05
4.162781263742876e-05
4.162244448460857e-05
4.150381930772239e-05
4.114054940697312e-05
4.052514649480883e-05
3.970089609189381e-05
3.871936112828799e-05
3.763824649234478e-05
3.650687958468016e-05
3.535551420641207e-05
3.419003284605905e-05
3.300234176331215e-05
3.17895822971477e-05
3.058174759001461e-05
2.945404238377685e-05
2.855323664841736e-05
2.805487031012063e-05
2.792015132252886e-05
2.304389291535112e-05
2.315539950352837e-05
2.356855625018937e-05
2.431434672348287e-05
2.524641539562823e-05
2.624375269084703e-05
2.724449588342722e-05
2.822450837384081e-05
2.918628526240103e-05
3.013649074551942e-05
3.106997891576255e-05
3.196159152973221e-05
3.277051243618307e-05
3.344935502290092e-05
3.395606845910594e-05
3.425522054103137e-05
3.43530755623078e-05
3.435752056564583e-05
3.435752056563054e-05
3.435752056566502e-05
3.43575205656466e-05
3.435752056562968e-05
3.435752056565879e-05
3.435752056564922e-05
3.435752056564665e-05
3.435752056564817e-05
3.43575205656468e-05
3.435752069894059e-05
3.435752029874568e-05
3.435752110003738e-05
3.435752016486089e-05
3.435752069925309e-05
3.435752016481875e-05
3.435752069925542e-05
3.435752069925304e-05
3.435752069925296e-05
3.435752069925518e-05
3.435752016482105e-05
3.435752069925518e-05
3.435752016486247e-05
3.435752110003936e-05
3.435752029874351e-05
3.435752123337341e-05
3.43575200312137e-05
3.43575202984299e-05
3.435752056564593e-05
3.43575208328702e-05
3.435752056565914e-05
3.435752069923651e-05
3.435752083286545e-05
3.435752003122479e-05
3.435752083284844e-05
3.435752056564587e-05
3.435307542873002e-05
3.425522722947623e-05
3.395608760772076e-05
3.344936108319186e-05
3.277048018195449e-05
3.19615796290639e-05
3.107001119089394e-05
3.013653564006449e-05
2.918632328200907e-05
2.822453433188578e-05
2.724452838404076e-05
2.624380425713658e-05
2.524647982143355e-05
2.431439118908003e-05
2.356854920192758e-05
2.315538055914123e-05
2.304389298705289e-05
)
;

boundaryField
{
    inlet
    {
        type            cyclic;
    }
    outlet
    {
        type            cyclic;
    }
    topWall
    {
        type            calculated;
        value           uniform 0;
    }
    bottomWall
    {
        type            calculated;
        value           uniform 0;
    }
    front
    {
        type            symmetry;
    }
    back
    {
        type            symmetry;
    }
}


// ************************************************************************* //
