/*--------------------------------*- C++ -*----------------------------------*\
| =========                 |                                                 |
| \\      /  F ield         | OpenFOAM: The Open Source CFD Toolbox           |
|  \\    /   O peration     | Version:  v1812                                 |
|   \\  /    A nd           | Web:      www.OpenFOAM.com                      |
|    \\/     M anipulation  |                                                 |
\*---------------------------------------------------------------------------*/
FoamFile
{
    version     2.0;
    format      ascii;
    class       volVectorField;
    location    "0";
    object      wallShearStress;
}
// * * * * * * * * * * * * * * * * * * * * * * * * * * * * * * * * * * * * * //

dimensions      [0 2 -2 0 0 0 0];


internalField   uniform (0 0 0);

boundaryField
{
    topWall
    {
        type            calculated;
        value           uniform (0 0 0);
    }
    inlet
    {
        type            cyclic;
    }
    outlet
    {
        type            cyclic;
    }
    bottomWall
    {
        type            calculated;
        value           nonuniform List<vector> 
400
(
(-0.121203 0 0)
(-0.121203 0 0)
(-0.121203 0 0)
(-0.121203 0 0)
(-0.121203 0 0)
(-0.121203 0 0)
(-0.121203 0 0)
(-0.121203 0 0)
(-0.121203 0 0)
(-0.121203 0 0)
(-0.121203 0 0)
(-0.121203 0 0)
(-0.121203 0 0)
(-0.121203 0 0)
(-0.121203 0 0)
(-0.121203 0 0)
(-0.121203 0 0)
(-0.121203 0 0)
(-0.121203 0 0)
(-0.121203 0 0)
(-0.121203 0 0)
(-0.121203 0 0)
(-0.121203 0 0)
(-0.121203 0 0)
(-0.121203 0 0)
(-0.121203 0 0)
(-0.121203 0 0)
(-0.121203 0 0)
(-0.121203 0 0)
(-0.121203 0 0)
(-0.121203 0 0)
(-0.121203 0 0)
(-0.121203 0 0)
(-0.121203 0 0)
(-0.121203 0 0)
(-0.121203 0 0)
(-0.121203 0 0)
(-0.121203 0 0)
(-0.121203 0 0)
(-0.121203 0 0)
(-0.121203 0 0)
(-0.121203 0 0)
(-0.121203 0 0)
(-0.121203 0 0)
(-0.121203 0 0)
(-0.121203 0 0)
(-0.121203 0 0)
(-0.121203 0 0)
(-0.121203 0 0)
(-0.121203 0 0)
(-0.121203 0 0)
(-0.121203 0 0)
(-0.121203 0 0)
(-0.121203 0 0)
(-0.121203 0 0)
(-0.121203 0 0)
(-0.121203 0 0)
(-0.121203 0 0)
(-0.121203 0 0)
(-0.121203 0 0)
(-0.121203 0 0)
(-0.121203 0 0)
(-0.121203 0 0)
(-0.121203 0 0)
(-0.121203 0 0)
(-0.121203 0 0)
(-0.121203 0 0)
(-0.121203 0 0)
(-0.121203 0 0)
(-0.121203 0 0)
(-0.121203 0 0)
(-0.121203 0 0)
(-0.121203 0 0)
(-0.121203 0 0)
(-0.121203 0 0)
(-0.121203 0 0)
(-0.121203 0 0)
(-0.121203 0 0)
(-0.121203 0 0)
(-0.121203 0 0)
(-0.121203 0 0)
(-0.121203 0 0)
(-0.121203 0 0)
(-0.121203 0 0)
(-0.121203 0 0)
(-0.121203 0 0)
(-0.121203 0 0)
(-0.121203 0 0)
(-0.121203 0 0)
(-0.121203 0 0)
(-0.121203 0 0)
(-0.121203 0 0)
(-0.121203 0 0)
(-0.121203 0 0)
(-0.121203 0 0)
(-0.121203 0 0)
(-0.121203 0 0)
(-0.121203 0 0)
(-0.121203 0 0)
(-0.121203 0 0)
(-0.121203 0 0)
(-0.121203 0 0)
(-0.121203 0 0)
(-0.121203 0 0)
(-0.121203 0 0)
(-0.121203 0 0)
(-0.121203 0 0)
(-0.121203 0 0)
(-0.121203 0 0)
(-0.121203 0 0)
(-0.121203 0 0)
(-0.121203 0 0)
(-0.121203 0 0)
(-0.121203 0 0)
(-0.121203 0 0)
(-0.121203 0 0)
(-0.121203 0 0)
(-0.121203 0 0)
(-0.121203 0 0)
(-0.121203 0 0)
(-0.121203 0 0)
(-0.121203 0 0)
(-0.121203 0 0)
(-0.121203 0 0)
(-0.121203 0 0)
(-0.121203 0 0)
(-0.121203 0 0)
(-0.121203 0 0)
(-0.121203 0 0)
(-0.121203 0 0)
(-0.121203 0 0)
(-0.121203 0 0)
(-0.121203 0 0)
(-0.121203 0 0)
(-0.121203 0 0)
(-0.121203 0 0)
(-0.121203 0 0)
(-0.121203 0 0)
(-0.121203 0 0)
(-0.121203 0 0)
(-0.121203 0 0)
(-0.121203 0 0)
(-0.121203 0 0)
(-0.121203 0 0)
(-0.121203 0 0)
(-0.121203 0 0)
(-0.121203 0 0)
(-0.121203 0 0)
(-0.121203 0 0)
(-0.121203 0 0)
(-0.121203 0 0)
(-0.121203 0 0)
(-0.121203 0 0)
(-0.121203 0 0)
(-0.121203 0 0)
(-0.121203 0 0)
(-0.121203 0 0)
(-0.121203 0 0)
(-0.121203 0 0)
(-0.121203 0 0)
(-0.121203 0 0)
(-0.121203 0 0)
(-0.121203 0 0)
(-0.121203 0 0)
(-0.121203 0 0)
(-0.121203 0 0)
(-0.121203 0 0)
(-0.121203 0 0)
(-0.121203 0 0)
(-0.121203 0 0)
(-0.121203 0 0)
(-0.121203 0 0)
(-0.121203 0 0)
(-0.121203 0 0)
(-0.121203 0 0)
(-0.121203 0 0)
(-0.121203 0 0)
(-0.121203 0 0)
(-0.121203 0 0)
(-0.121203 0 0)
(-0.121203 0 0)
(-0.121203 0 0)
(-0.121203 0 0)
(-0.121203 0 0)
(-0.121203 0 0)
(-0.121203 0 0)
(-0.121203 0 0)
(-0.121203 0 0)
(-0.121203 0 0)
(-0.121203 0 0)
(-0.121203 0 0)
(-0.121203 0 0)
(-0.121203 0 0)
(-0.121203 0 0)
(-0.121203 0 0)
(-0.121203 0 0)
(-0.121203 0 0)
(-0.121203 0 0)
(-0.121203 0 0)
(-0.121203 0 0)
(-0.121203 0 0)
(-0.121203 0 0)
(-0.121203 0 0)
(-0.121203 0 0)
(-0.121203 0 0)
(-0.121203 0 0)
(-0.121203 0 0)
(-0.121203 0 0)
(-0.121203 0 0)
(-0.121203 0 0)
(-0.121203 0 0)
(-0.121203 0 0)
(-0.121203 0 0)
(-0.121203 0 0)
(-0.121203 0 0)
(-0.121203 0 0)
(-0.121203 0 0)
(-0.121203 0 0)
(-0.121203 0 0)
(-0.121203 0 0)
(-0.121203 0 0)
(-0.121203 0 0)
(-0.121203 0 0)
(-0.121203 0 0)
(-0.121203 0 0)
(-0.121203 0 0)
(-0.121203 0 0)
(-0.121203 0 0)
(-0.121203 0 0)
(-0.121203 0 0)
(-0.121203 0 0)
(-0.121203 0 0)
(-0.121203 0 0)
(-0.121203 0 0)
(-0.121203 0 0)
(-0.121203 0 0)
(-0.121203 0 0)
(-0.121203 0 0)
(-0.121203 0 0)
(-0.121203 0 0)
(-0.121203 0 0)
(-0.121203 0 0)
(-0.121203 0 0)
(-0.121203 0 0)
(-0.121203 0 0)
(-0.121203 0 0)
(-0.121203 0 0)
(-0.121203 0 0)
(-0.121203 0 0)
(-0.121203 0 0)
(-0.121203 0 0)
(-0.121203 0 0)
(-0.121203 0 0)
(-0.121203 0 0)
(-0.121203 0 0)
(-0.121203 0 0)
(-0.121203 0 0)
(-0.121203 0 0)
(-0.121203 0 0)
(-0.121203 0 0)
(-0.121203 0 0)
(-0.121203 0 0)
(-0.121203 0 0)
(-0.121203 0 0)
(-0.121203 0 0)
(-0.121203 0 0)
(-0.121203 0 0)
(-0.121203 0 0)
(-0.121203 0 0)
(-0.121203 0 0)
(-0.121203 0 0)
(-0.121203 0 0)
(-0.121203 0 0)
(-0.121203 0 0)
(-0.121203 0 0)
(-0.121203 0 0)
(-0.121203 0 0)
(-0.121203 0 0)
(-0.121203 0 0)
(-0.121203 0 0)
(-0.121203 0 0)
(-0.121203 0 0)
(-0.121203 0 0)
(-0.121203 0 0)
(-0.121203 0 0)
(-0.121203 0 0)
(-0.121203 0 0)
(-0.121203 0 0)
(-0.121203 0 0)
(-0.121203 0 0)
(-0.121203 0 0)
(-0.121203 0 0)
(-0.121203 0 0)
(-0.121203 0 0)
(-0.121203 0 0)
(-0.121203 0 0)
(-0.121203 0 0)
(-0.121203 0 0)
(-0.121203 0 0)
(-0.121203 0 0)
(-0.121203 0 0)
(-0.121203 0 0)
(-0.121203 0 0)
(-0.121203 0 0)
(-0.121203 0 0)
(-0.121203 0 0)
(-0.121203 0 0)
(-0.121203 0 0)
(-0.121203 0 0)
(-0.121203 0 0)
(-0.121203 0 0)
(-0.121203 0 0)
(-0.121203 0 0)
(-0.121203 0 0)
(-0.121203 0 0)
(-0.121203 0 0)
(-0.121203 0 0)
(-0.121203 0 0)
(-0.121203 0 0)
(-0.121203 0 0)
(-0.121203 0 0)
(-0.121203 0 0)
(-0.121203 0 0)
(-0.121203 0 0)
(-0.121203 0 0)
(-0.121203 0 0)
(-0.121203 0 0)
(-0.121203 0 0)
(-0.121203 0 0)
(-0.121203 0 0)
(-0.121203 0 0)
(-0.121203 0 0)
(-0.121203 0 0)
(-0.121203 0 0)
(-0.121203 0 0)
(-0.121203 0 0)
(-0.121203 0 0)
(-0.121203 0 0)
(-0.121203 0 0)
(-0.121203 0 0)
(-0.121203 0 0)
(-0.121203 0 0)
(-0.121203 0 0)
(-0.121203 0 0)
(-0.121203 0 0)
(-0.121203 0 0)
(-0.121203 0 0)
(-0.121203 0 0)
(-0.121203 0 0)
(-0.121203 0 0)
(-0.121203 0 0)
(-0.121203 0 0)
(-0.121203 0 0)
(-0.121203 0 0)
(-0.121203 0 0)
(-0.121203 0 0)
(-0.121203 0 0)
(-0.121203 0 0)
(-0.121203 0 0)
(-0.121203 0 0)
(-0.121203 0 0)
(-0.121203 0 0)
(-0.121203 0 0)
(-0.121203 0 0)
(-0.121203 0 0)
(-0.121203 0 0)
(-0.121203 0 0)
(-0.121203 0 0)
(-0.121203 0 0)
(-0.121203 0 0)
(-0.121203 0 0)
(-0.121203 0 0)
(-0.121203 0 0)
(-0.121203 0 0)
(-0.121203 0 0)
(-0.121203 0 0)
(-0.121203 0 0)
(-0.121203 0 0)
(-0.121203 0 0)
(-0.121203 0 0)
(-0.121203 0 0)
(-0.121203 0 0)
(-0.121203 0 0)
(-0.121203 0 0)
(-0.121203 0 0)
(-0.121203 0 0)
(-0.121203 0 0)
(-0.121203 0 0)
(-0.121203 0 0)
(-0.121203 0 0)
(-0.121203 0 0)
(-0.121203 0 0)
(-0.121203 0 0)
(-0.121203 0 0)
(-0.121203 0 0)
(-0.121203 0 0)
(-0.121203 0 0)
(-0.121203 0 0)
(-0.121203 0 0)
(-0.121203 0 0)
)
;
    }
    frontAndBack
    {
        type            empty;
    }
}


// ************************************************************************* //
