/*--------------------------------*- C++ -*----------------------------------*\
| =========                 |                                                 |
| \\      /  F ield         | OpenFOAM: The Open Source CFD Toolbox           |
|  \\    /   O peration     | Version:  v1812                                 |
|   \\  /    A nd           | Web:      www.OpenFOAM.com                      |
|    \\/     M anipulation  |                                                 |
\*---------------------------------------------------------------------------*/
FoamFile
{
    version     2.0;
    format      ascii;
    class       volScalarField;
    location    "0";
    object      V;
}
// * * * * * * * * * * * * * * * * * * * * * * * * * * * * * * * * * * * * * //

dimensions      [0 3 0 0 0 0 0];


internalField   nonuniform List<scalar> 
3500
(
2.459904961199765e-05
2.441093650584795e-05
2.296821410137244e-05
2.133307849353635e-05
2.095837474884511e-05
2.158165508831627e-05
2.28765307321129e-05
2.418325146395837e-05
2.536022616875965e-05
2.643782510601096e-05
2.774022284257172e-05
2.945339769378576e-05
3.156341151298152e-05
3.372640902315333e-05
3.548968829650749e-05
3.651541551366204e-05
3.668425957597294e-05
3.668073186984628e-05
3.668083448122249e-05
3.668076928024384e-05
3.668071717290426e-05
3.668081096611546e-05
3.668083848947944e-05
3.668071650486153e-05
3.66807829083172e-05
3.668079520030507e-05
3.668088471804217e-05
3.668067334929574e-05
3.668082940409703e-05
3.668149036565805e-05
3.66802021118941e-05
3.668112427819557e-05
3.668021026201652e-05
3.668065905317934e-05
3.668102888168158e-05
3.668102995055016e-05
3.668065771709384e-05
3.668021159810195e-05
3.668112441180423e-05
3.668020104302563e-05
3.668149036565769e-05
3.668078611492226e-05
3.668147419902203e-05
3.668039758122162e-05
3.668003029128205e-05
3.668087429657442e-05
3.668077502541208e-05
3.668116355911301e-05
3.668090970284337e-05
3.668091063810362e-05
3.6680134238744e-05
3.668055270076337e-05
3.668142222529076e-05
3.668421598748842e-05
3.651548285890421e-05
3.549025365988764e-05
3.372571847941278e-05
3.15623898615887e-05
2.945525484761426e-05
2.774059225714271e-05
2.64380191228385e-05
2.535947279267924e-05
2.418337154140868e-05
2.287689770406409e-05
2.158240316364704e-05
2.09584577282242e-05
2.133230920090638e-05
2.296707607322033e-05
2.441152470626867e-05
2.459905452933032e-05
2.980058630905501e-05
2.957304470491326e-05
2.782733913558156e-05
2.584913533222204e-05
2.539671232217211e-05
2.615227536123023e-05
2.772070740373697e-05
2.930345384415096e-05
3.072913511419602e-05
3.203451845674386e-05
3.361197104532119e-05
3.568656652651652e-05
3.824137404380572e-05
4.086015103409627e-05
4.299492792600736e-05
4.423676791054373e-05
4.444124361919494e-05
4.443697908762559e-05
4.443710340414609e-05
4.443702441135698e-05
4.443696128187398e-05
4.443707491494357e-05
4.443710826026009e-05
4.443696047252166e-05
4.443704092214473e-05
4.443705581422808e-05
4.443716410557223e-05
4.443690835023039e-05
4.443709709119779e-05
4.443789705505727e-05
4.443633791869654e-05
4.443745401558267e-05
4.44363477927949e-05
4.44368910300905e-05
4.443733908754946e-05
4.443733973503129e-05
4.443688941138558e-05
4.443634941149982e-05
4.44374541774531e-05
4.443633727121476e-05
4.443789705505718e-05
4.443704480703617e-05
4.443787682124884e-05
4.443657538267494e-05
4.44361292676615e-05
4.443715180341645e-05
4.443703153365756e-05
4.443750160550062e-05
4.443719453722016e-05
4.443719518470247e-05
4.44362563359799e-05
4.443676169558543e-05
4.443781482485866e-05
4.444119109495136e-05
4.423684615887115e-05
4.299559851671471e-05
4.085930581652797e-05
3.824012069706749e-05
3.568881329824242e-05
3.361246223033592e-05
3.203477430707709e-05
3.072819404119977e-05
2.930356711567826e-05
2.772113931901483e-05
2.615316904913157e-05
2.539678449015337e-05
2.584817614958503e-05
2.782595733999523e-05
2.957374938978601e-05
2.980058450003804e-05
3.610154601741293e-05
3.582638020024593e-05
3.371462269683547e-05
3.132210456312987e-05
3.077624804757817e-05
3.169228064953978e-05
3.359196658370664e-05
3.550893789660185e-05
3.723582092546811e-05
3.88171116641181e-05
4.072760215681759e-05
4.323960390735936e-05
4.633256846816032e-05
4.950272077418084e-05
5.208688893946901e-05
5.359015266307327e-05
5.383775740137041e-05
5.383260449964549e-05
5.383275491643811e-05
5.383265941059975e-05
5.38325829274849e-05
5.383272059709188e-05
5.383276079975437e-05
5.383258175082156e-05
5.383267960998659e-05
5.38326972599362e-05
5.383282845789469e-05
5.383251899544542e-05
5.383274726812633e-05
5.383371566202709e-05
5.383182790186394e-05
5.383317969189142e-05
5.383184123738128e-05
5.383249663884263e-05
5.38330410417317e-05
5.383304045340045e-05
5.383249683495285e-05
5.383184182571321e-05
5.383317969189103e-05
5.38318280979748e-05
5.383371526980596e-05
5.383268392441845e-05
5.383369095209762e-05
5.383211579215229e-05
5.383157589980638e-05
5.383281335738251e-05
5.383266843168503e-05
5.383323715228244e-05
5.383286513056772e-05
5.383286650334181e-05
5.383172984658834e-05
5.383234073095477e-05
5.38336160378669e-05
5.383769390805331e-05
5.359025022449056e-05
5.208770378494192e-05
4.950171004244754e-05
4.633108802965351e-05
4.324233723673848e-05
4.072817090158168e-05
3.881741487872104e-05
3.723470579205233e-05
3.550909587417047e-05
3.359248630651409e-05
3.169335730665711e-05
3.077634972328323e-05
3.132097270066137e-05
3.371297127456408e-05
3.582724549803852e-05
3.610155224699233e-05
4.373406184086796e-05
4.34014620025212e-05
4.084773324098426e-05
3.795517782075738e-05
3.729717535740432e-05
3.840792867576321e-05
4.070870816500102e-05
4.303034086865211e-05
4.512195451213585e-05
4.703740955992448e-05
4.935108600122115e-05
5.239236319037251e-05
5.613626356013705e-05
5.997321216324565e-05
6.310080764643892e-05
6.492020527261527e-05
6.522000453162611e-05
6.52137816935891e-05
6.521396369010031e-05
6.521384798213566e-05
6.521375579591335e-05
6.521392211126266e-05
6.521397058030729e-05
6.521375437035354e-05
6.521387245425118e-05
6.521389383765325e-05
6.521405278760883e-05
6.52136781028861e-05
6.521395537433223e-05
6.521512504642598e-05
6.521284248705181e-05
6.521447760452982e-05
6.521285864339988e-05
6.521365101724315e-05
6.521430962602672e-05
6.521430891324746e-05
6.521365125483637e-05
6.521285864339988e-05
6.521447831730988e-05
6.52128417742716e-05
6.521512575920576e-05
6.521387791889862e-05
6.521509606003615e-05
6.521319032372542e-05
6.521253789236909e-05
6.521403401773355e-05
6.521385891142981e-05
6.521454721938367e-05
6.521409674237917e-05
6.521409911831348e-05
6.52127227400001e-05
6.521346284330515e-05
6.52150055369675e-05
6.5219927665222e-05
6.492032183430418e-05
6.310180051867512e-05
5.997198287485063e-05
5.613444189185239e-05
5.239565776656832e-05
4.935177733598637e-05
4.703778019410756e-05
4.512060896410121e-05
4.303053915415139e-05
4.070935421881582e-05
3.840925152178796e-05
3.729731167321118e-05
3.795378442052296e-05
4.084571577333439e-05
4.34025054826704e-05
4.37340688845278e-05
5.297922759951103e-05
5.257738839018547e-05
4.949039650121158e-05
4.599487444659662e-05
4.520256870548307e-05
4.65496701892625e-05
4.933602581450343e-05
5.214753105998119e-05
5.468078030898691e-05
5.700093050203467e-05
5.980262882758427e-05
6.348415028596583e-05
6.801513905964896e-05
7.265816852598454e-05
7.644264667894338e-05
7.864418805074257e-05
7.90071384762478e-05
7.899962940446266e-05
7.89998493225679e-05
7.899970942701914e-05
7.899959802871203e-05
7.899979894865594e-05
7.899985795809569e-05
7.899959630160652e-05
7.899973878781335e-05
7.899976498224731e-05
7.899995697881291e-05
7.899950418931113e-05
7.899983924778534e-05
7.900125432292315e-05
7.899849296901854e-05
7.900047079271026e-05
7.89985125428818e-05
7.899947281355996e-05
7.900026641855556e-05
7.900026728210772e-05
7.899947079860418e-05
7.899851369428511e-05
7.900047194411421e-05
7.899849181761484e-05
7.900125547432632e-05
7.899974512053367e-05
7.900121920511078e-05
7.899891467062046e-05
7.899812480768801e-05
7.899993452644167e-05
7.899972238031024e-05
7.900055542088182e-05
7.900001051908446e-05
7.900001224619049e-05
7.899834904355699e-05
7.899924368422588e-05
7.90011092460578e-05
7.900704608700122e-05
7.864433025226843e-05
7.644384049761825e-05
7.265668330317125e-05
6.801295898110595e-05
6.348815581795623e-05
5.980348649997837e-05
5.700139528437571e-05
5.467913686721638e-05
5.214775136343548e-05
4.933680085077979e-05
4.65512585357924e-05
4.520273347958983e-05
4.599320122339883e-05
4.948794988105831e-05
5.257864300211706e-05
5.297922926996203e-05
6.417727347150165e-05
6.369207611819145e-05
5.996227116258144e-05
5.574039461172753e-05
5.4787650897573e-05
5.642175225467962e-05
5.979589019554597e-05
6.320031557388676e-05
6.626823693591498e-05
6.907846547097983e-05
7.247078421671385e-05
7.692654785373342e-05
8.240883074306569e-05
8.802586369072621e-05
9.260398313288335e-05
9.526722721336474e-05
9.570656223705331e-05
9.569750907509117e-05
9.569777411700032e-05
9.569760567589201e-05
9.56974703650225e-05
9.569771343635238e-05
9.569778492792047e-05
9.569746862132579e-05
9.569764089856707e-05
9.56976726338481e-05
9.569790454551853e-05
9.569735737347188e-05
9.56977619111227e-05
9.569947422135353e-05
9.569613260085853e-05
9.569852669652764e-05
9.569615771009218e-05
9.569731970962106e-05
9.569827874284686e-05
9.569827978906375e-05
9.569731831466413e-05
9.569615875630991e-05
9.569852669652731e-05
9.569613399581638e-05
9.569947422135321e-05
9.569764857083273e-05
9.569943062893425e-05
9.569664350401292e-05
9.569569039935707e-05
9.56978776925888e-05
9.569762102042329e-05
9.569862783094044e-05
9.569796975977796e-05
9.56979708059963e-05
9.569596102109624e-05
9.569704315931343e-05
9.569929601554319e-05
9.570645077650898e-05
9.526740079327234e-05
9.260542761884464e-05
8.802407334440444e-05
8.240618719593178e-05
7.693136400211366e-05
7.247178589490778e-05
6.907898821758093e-05
6.626625587731169e-05
6.320059157085006e-05
5.979682169822459e-05
5.642366571692275e-05
5.4787847009575e-05
5.57383885390503e-05
5.995932929127749e-05
6.369360496207961e-05
6.417728432097558e-05
7.774004370583863e-05
7.715462001047136e-05
7.265077898226754e-05
6.755500207647361e-05
6.64112349347793e-05
6.839400275387425e-05
7.247949736245784e-05
7.660142599083791e-05
8.031656548463683e-05
8.372021133787853e-05
8.782713522444046e-05
9.321880788452157e-05
9.985028907595468e-05
0.0001066435449108535
0.0001121799511576164
0.0001154007064766247
0.0001159324016683609
0.0001159214980445892
0.0001159218183051786
0.0001159216146566246
0.0001159214511462706
0.0001159217452114028
0.0001159218309804001
0.0001159214494562414
0.0001159216569073616
0.0001159216962005478
0.0001159219759004292
0.0001159213142538816
0.000115921803939928
0.0001159238716910163
0.0001159198354780725
0.0001159227279635551
0.0001159198642085737
0.0001159212690455931
0.0001159224292508415
0.0001159224292508413
0.0001159212673555632
0.0001159198650535884
0.0001159227283860621
0.0001159198367455951
0.0001159238716910159
0.0001159216674700467
0.0001159238188775947
0.0001159204523388386
0.0001159192997387216
0.0001159219433673618
0.0001159216340919639
0.0001159228488006636
0.0001159220549093087
0.0001159220565993381
0.0001159196271819365
0.0001159209356872742
0.0001159236570572704
0.0001159322666864316
0.0001154009136471727
0.0001121817037862846
0.0001066413807105506
9.984709720239744e-05
9.322465134473379e-05
8.782837379861222e-05
8.372087928746909e-05
8.03141880949416e-05
7.660176895559856e-05
7.248064221247807e-05
6.839633105473435e-05
6.641146866827316e-05
6.755255674935667e-05
7.26472063939079e-05
7.715645617435615e-05
7.774005011095178e-05
9.416584921543632e-05
9.346013393176866e-05
8.802550893269731e-05
8.187993957260455e-05
8.050966198082615e-05
8.291624978474317e-05
8.786246873169597e-05
9.285244626541735e-05
9.735090197979712e-05
0.0001014730066822859
0.0001064443003775082
0.0001129667691288833
0.0001209856328893648
0.0001291983318315601
0.0001358910158753841
0.0001397844710104436
0.0001404277968588781
0.0001404146802240111
0.0001404150677166936
0.000140414821502717
0.0001404146244291601
0.000140414979161563
0.000140415083073075
0.0001404146223816426
0.0001404148726906536
0.0001404149197835563
0.0001404152581358194
0.000140414458580244
0.0001404150492890366
0.0001404175477722389
0.0001404126741687622
0.0001404161667217004
0.0001404127069290416
0.0001404144032972722
0.0001404158053348655
0.0001404158053348655
0.0001404144012497543
0.0001404127100003181
0.0001404161677454588
0.0001404126731450032
0.0001404175477722395
0.0001404148839519999
0.0001404174858348358
0.0001404134194651236
0.0001404120225463247
0.000140415218721108
0.0001404148455610474
0.0001404163136310794
0.0001404153518097444
0.0001404153574404171
0.0001404124213003528
0.0001404139994244499
0.0001404172897850368
0.0001404276345224016
0.0001397847216562141
0.0001358931291433247
0.000129195710523229
0.0001209817599994801
0.0001129738076565217
0.0001064457946869973
0.0001014737900471917
9.734800635395204e-05
9.28528492692033e-05
8.786382565395098e-05
8.29190477995408e-05
8.050993582886687e-05
8.18769921342194e-05
8.802120735697705e-05
9.346235574294706e-05
9.416586437301493e-05
0.0001140576044037391
0.0001132077959915593
0.0001066557440914561
9.925145970756973e-05
9.761396280010028e-05
0.0001005360959658949
0.0001065234834212002
0.0001125633123994434
0.0001180095880402239
0.0001230014270930251
0.0001290178986260032
0.0001369058180280399
0.0001465983507993097
0.0001565225494506313
0.0001646091518480221
0.0001693135971485355
0.0001700917745884587
0.0001700760208439578
0.0001700764890617467
0.0001700761907667049
0.0001700759538671082
0.0001700763811546011
0.0001700765076664274
0.0001700759507663279
0.0001700762534024617
0.0001700763092165036
0.0001700767185194717
0.0001700757535567165
0.0001700764648756618
0.0001700794831749754
0.0001700736003750408
0.000170077814955302
0.0001700736382045567
0.000170075686579867
0.0001700773789856248
0.0001700773789856256
0.000170075684719398
0.0001700736419254934
0.000170077815575458
0.0001700736003750409
0.0001700794825548192
0.0001700762651854263
0.0001700794081360981
0.0001700744996012584
0.0001700728133970612
0.0001700766707674587
0.0001700762199140374
0.0001700779910796091
0.000170076831387866
0.0001700768382095819
0.0001700732946381264
0.0001700751997573969
0.0001700791706163456
0.0001700915765250161
0.0001693139011647545
0.000164611696504829
0.0001565193835480388
0.0001465936909936039
0.0001369143109600916
0.0001290196944282901
0.0001230024012344656
0.0001180061209953171
0.0001125638087395106
0.0001065251576095088
0.0001005394958213602
9.761430652306877e-05
9.924790645354695e-05
0.00010665055536914
0.0001132104732976187
0.0001140576081618481
0.0001381443857339966
0.0001371224408343563
0.0001292316503091067
0.0001203216973126006
0.0001183710542398156
0.0001219208105704931
0.000129167213987079
0.000136476330419098
0.0001430691740638145
0.0001491136817671822
0.0001563934217056651
0.0001659289609222993
0.0001776386518802556
0.0001896243600302386
0.0001993895475326085
0.0002050706336061489
0.0002060116121170755
0.0002059927287514585
0.0002059932937562541
0.0002059929331148955
0.0002059926483584887
0.0002059931637750979
0.0002059933155450027
0.0002059926438504712
0.0002059930097511846
0.0002059930766201021
0.0002059935694966263
0.0002059924071795801
0.0002059932637028076
0.0002059969061805334
0.0002059898083077871
0.0002059948910969396
0.0002059898563933023
0.000205992328289282
0.0002059943651616243
0.0002059943674156342
0.0002059923230299288
0.0002059898586473105
0.0002059948941022842
0.0002059898083077872
0.000205996903175188
0.0002059930262805791
0.0002059968122635135
0.0002059908924858721
0.0002059888631268924
0.0002059935123950777
0.0002059929691790317
0.0002059951029737379
0.000205993706991144
0.0002059937152558426
0.0002059894409044031
0.0002059917384903928
0.000205996529761115
0.000206011370758775
0.0002050709976733718
0.0001993926272067456
0.0001896205519711221
0.0001776330363440191
0.0001659392217247266
0.0001563956068759377
0.0001491148333415698
0.0001430649678546084
0.0001364769285508625
0.0001291691927675753
0.0001219248859113467
0.0001183714685168297
0.0001203174156821464
0.0001292253844148553
0.0001371256728410262
0.0001381444006352004
0.0001673077006533008
0.0001660807665359265
0.0001565901202148659
0.000145884335110347
0.0001435698536440716
0.0001478844388067538
0.0001566526804367979
0.0001654956839943808
0.0001734750603239739
0.0001807933952728084
0.000189599238909495
0.0002011211419098514
0.0002152591926369234
0.0002297248126677484
0.0002415087099183457
0.000248364386352755
0.0002495017580102412
0.0002494791780445361
0.0002494798571018858
0.0002494794247262275
0.0002494790806462306
0.0002494797014466488
0.0002494798834995573
0.0002494790751846428
0.0002494795166629469
0.0002494795967662265
0.0002494801902587079
0.000249478789361577
0.0002494798225118328
0.0002494842099869303
0.000249475657141284
0.0002494817823113948
0.0002494757217700657
0.0002494786937837998
0.0002494811487672712
0.0002494811505878016
0.0002494786901427425
0.0002494757181290088
0.0002494817859524513
0.0002494756571412847
0.000249484207256137
0.0002494795357785012
0.0002494840962038628
0.0002494769679222263
0.0002494745184003411
0.0002494801247196608
0.0002494794638676027
0.000249482041736789
0.0002494803541063252
0.0002494803650295004
0.0002494752183937745
0.0002494779810466631
0.0002494837584957173
0.0002495014683067617
0.0002483648256898304
0.0002415124145731255
0.0002297202107147607
0.0002152524063131394
0.0002011334870847922
0.0001896018534043642
0.0001807948066650616
0.0001734700032622856
0.0001654964064464461
0.0001566550907180876
0.0001478893516648777
0.0001435703505929968
0.0001458791786691863
0.0001565825835452789
0.0001660846628764146
0.000167307720262818
0.000202612716719489
0.0002011426735939874
0.0001897461568306754
0.0001769062321972377
0.0001741737609701013
0.0001794214926906095
0.0001900283437756306
0.0002007239890100571
0.0002103794382116667
0.0002192388255272717
0.0002298871318861872
0.0002438012259813793
0.0002608585930389241
0.0002783027854296994
0.0002925104624245948
0.0003007765016507548
0.0003021505689878132
0.0003021236510013878
0.0003021244670812828
0.0003021239476574576
0.0003021235330006457
0.0003021242796034691
0.0003021245001656027
0.0003021235263837812
0.0003021240579385246
0.0003021241549858636
0.0003021248685043659
0.0003021231823068529
0.0003021244295857205
0.00030212970102072
0.0003021194173112273
0.0003021267829836894
0.0003021194923023527
0.0003021230654089212
0.0003021260231471366
0.0003021260220443264
0.0003021230654089237
0.0003021194878911097
0.000302126782983688
0.0003021194184140391
0.00030212970102072
0.0003021240822003578
0.000302129566477819
0.0003021209899192432
0.0003021180476203757
0.0003021247857935643
0.0003021239939755066
0.0003021270983875409
0.0003021250648046671
0.0003021250791412025
0.0003021188857564853
0.0003021222096278426
0.0003021291617463025
0.0003021502219139128
0.0003007770287625355
0.0002925149239492084
0.0002782972642850133
0.0002608504386348745
0.0002438160856133692
0.0002298902788852621
0.0002192405116881887
0.0002103733493038639
0.0002007248480224208
0.0001900312409511998
0.0001794274211845049
0.0001741743557387023
0.0001769000077952063
0.0001897370746379005
0.0002011473588286927
0.0002026127345964434
0.0002453458516655512
0.0002435889463311275
0.0002299309921233905
0.0002145665211879375
0.0002113611337554696
0.0002177489825991041
0.0002305758274407877
0.0002435076257437875
0.0002551881673310997
0.0002659113224932961
0.0002787823731327675
0.0002955736174646861
0.000316134467683151
0.000337149242549625
0.0003542611970344502
0.0003642173067234342
0.000365876320850391
0.0003658443458065948
0.0003658453291656173
0.0003658447038775427
0.0003658442055176031
0.0003658451033671467
0.0003658453679121007
0.0003658441988371731
0.0003658448361500212
0.0003658449523894702
0.0003658458101564446
0.0003658437859867146
0.0003658452864108778
0.0003658516141124216
0.0003658392606646863
0.0003658481122319844
0.000365839347510253
0.0003658436456977227
0.0003658471956772437
0.0003658471970133285
0.0003658436416894664
0.0003658393501824222
0.0003658481122319865
0.0003658392606646862
0.000365851615448507
0.0003658448682160757
0.0003658514524460591
0.0003658411498897666
0.000365837615943278
0.0003658457072778488
0.0003658447666735666
0.0003658484849998748
0.0003658460506518588
0.0003658460613405446
0.0003658386206796694
0.0003658426209200453
0.00036585096611089
0.0003658758992830473
0.0003642179433995716
0.0003542665545681706
0.0003371426061458621
0.0003161246536743988
0.0002955914623444091
0.0002787861467679969
0.0002659133645128872
0.0002551808778700109
0.0002435086747267784
0.0002305793158050949
0.0002177561079365336
0.0002113618530036673
0.0002145590613556376
0.0002299200890983843
0.0002435945691759373
0.0002453458770507989
0.0002970597322874711
0.0002949665509425753
0.0002786386040449485
0.0002603051421408887
0.0002565759656291609
0.000264359172226672
0.000279864531482413
0.0002954932034576438
0.0003096190995025746
0.0003225954546069299
0.0003381455498016175
0.0003583916486982379
0.0003831481201639152
0.0004084329327079887
0.0004290162308148906
0.0004409925775063212
0.0004429941385966866
0.0004429563399670699
0.0004429575216214968
0.000442956770542518
0.0004429561716217815
0.0004429572496791076
0.0004429575669452286
0.000442956163528257
0.0004429569291755781
0.0004429570683841832
0.000442958096261663
0.0004429556698233248
0.0004429574649668334
0.0004429650599292606
0.0004429502390690747
0.0004429608642466914
0.0004429503426661745
0.0004429555030967419
0.0004429597602900891
0.00044295976029009
0.000442955493384512
0.0004429503523784028
0.000442960857771874
0.0004429502390690733
0.0004429650615479668
0.000442956959930969
0.0004429648705408107
0.0004429525101117616
0.0004429482674867575
0.0004429579732401056
0.000442956845002933
0.0004429613045343704
0.0004429583892472113
0.0004429583941033286
0.0004429494750404584
0.0004429542744998774
0.0004429642748574853
0.0004429936341485337
0.0004409933448755366
0.0004290226572622638
0.0004084249802146645
0.0003831363543948274
0.0003584130633909472
0.0003381500935407199
0.0003225978851205285
0.000309610338747507
0.0002954944542638924
0.0002798687058579409
0.0002643677042175798
0.0002565768386509792
0.0002602961956156866
0.0002786255226485061
0.0002949732984334309
0.0002970597650911046
0.0003596266759643428
0.0003571426280541935
0.0003376823801832349
0.0003158833532265259
0.0003115917331853031
0.000321086104925439
0.0003398203224137962
0.0003586982934698364
0.0003757749301382617
0.0003914740764656943
0.0004102495341478038
0.0004346359102985057
0.0004644036586512379
0.0004947797959445241
0.0005194993430694182
0.0005338831461025719
0.0005362957931822759
0.0005362513845013938
0.0005362527945362521
0.0005362518963499313
0.000536251180546422
0.0005362524689927365
0.000536252849447208
0.0005362511707408944
0.0005362520865771648
0.0005362522532711318
0.0005362534828842846
0.0005362505784870304
0.000536252725897562
0.0005362618136604679
0.0005362440891889175
0.0005362567853859528
0.0005362442107774571
0.0005362503764931651
0.0005362554773285833
0.0005362554734063729
0.000536250370609847
0.0005362442205829808
0.0005362567834248518
0.0005362440813444936
0.0005362618136604703
0.0005362521257992741
0.0005362615900944415
0.0005362467915923037
0.0005362417339012037
0.0005362533318791597
0.0005362519806774674
0.0005362573246899685
0.0005362538299999609
0.0005362538496110116
0.0005362431615860109
0.0005362489076251436
0.0005362608742909333
0.0005362951969246871
0.0005338840691007144
0.0005195070326186203
0.0004947702851019519
0.0004643895919243946
0.0004346615252399372
0.0004102549761549411
0.0003914769913798775
0.0003757644524502535
0.0003586998006782341
0.000339825336392302
0.0003210963403097014
0.0003115928117258256
0.0003158726671948093
0.0003376667306843154
0.000357150693883988
0.0003596267032835703
0.0004353022164030395
0.0004323689192444673
0.0004092642054879926
0.0003834595068762678
0.0003785923770268974
0.0003901901797877197
0.0004128124117119172
0.000435600518876022
0.0004562346138733
0.0004752221673240895
0.0004978753463260609
0.0005272112140247364
0.0005629448238084845
0.0005993689605136199
0.0006289978539265339
0.0006462394719037326
0.0006491444097143858
0.0006490926357051238
0.0006490943131142202
0.0006490932439441163
0.0006490923909839648
0.0006490939258370475
0.0006490943820162945
0.0006490923791042972
0.0006490934696578054
0.0006490936668602914
0.0006490951399390995
0.0006490916687001617
0.0006490942394602786
0.0006491050737173357
0.0006490839326604744
0.0006490990673572852
0.0006490840799683532
0.000649091423979004
0.0006490975158726676
0.0006490975134967313
0.00064909142160307
0.0006490840918480244
0.0006490990744850832
0.0006490839207808081
0.0006491050760932683
0.0006490935171764747
0.0006491048052368463
0.0006490871544263888
0.0006490811219310622
0.0006490949593681513
0.0006490933413573919
0.0006490997207390142
0.0006490955462237413
0.0006490955723590099
0.0006490828254754328
0.0006490896824197
0.0006491039546526301
0.0006491437006276099
0.0006462405710367144
0.0006290070280442068
0.0005993575942889696
0.0005629280071400963
0.0005272417715766914
0.0004978818673664692
0.0004752256812673923
0.0004562221182648357
0.0004356023009111047
0.0004128184142318719
0.0003902023975105622
0.0003785936583609428
0.0003834467784250975
0.0004092455347885843
0.0004323785413014956
0.0004353022653543504
0.000526800233340449
0.0005233582950927697
0.0004960589668625004
0.0004656845014656567
0.0004602755784900555
0.0004744662497680042
0.0005017639225525727
0.0005292504073413823
0.0005541688641304091
0.0005771252702240226
0.0006044325364045302
0.0006396671109117845
0.0006824737543450932
0.0007260486610709125
0.0007614758934313111
0.000782093410758712
0.0007855863307607294
0.0007855265736973739
0.0007855285685042718
0.0007855272990816986
0.0007855262829679426
0.0007855281108213
0.0007855286519810388
0.0007855262685753969
0.000785527566783057
0.0007855278028208162
0.0007855295529544243
0.0007855254280506991
0.0007855284763919748
0.0007855413634777989
0.0007855162312137122
0.0007855342218963968
0.0007855164039242613
0.0007855251430782876
0.0007855323681364561
0.0007855323710149568
0.0007855251401997802
0.0007855164154383044
0.0007855342305319253
0.0007855162196996706
0.0007855413663563068
0.0007855276185962241
0.0007855410468417816
0.000785520053873971
0.0007855128806289623
0.0007855293428232522
0.0007855274171005819
0.0007855350019723963
0.0007855300365439827
0.000785530056693539
0.0007855149128564847
0.0007855230734301474
0.0007855400307280248
0.0007855854797047245
0.0007820947213862032
0.0007614868316787147
0.0007260351602441816
0.0006824537374871452
0.0006397034088976524
0.0006044402762174314
0.0005771294660840733
0.0005541540609361555
0.000529252535445399
0.0005017710552725404
0.0004744808123630553
0.0004602771201375655
0.0004656693615840326
0.0004960367625403015
0.0005233697111559667
0.0005268002806398775
0.0006373810913039555
0.0006333752258992095
0.000601318048288693
0.0005658229002732751
0.0005599857290766604
0.0005773830282597464
0.0006102937807685776
0.0006434154383505271
0.0006734869537891845
0.000701229485286115
0.000734110881031952
0.0007763484653539855
0.0008274971087769596
0.0008794762522633681
0.0009217089399809247
0.0009462895917769338
0.0009504824669891345
0.0009504144281569845
0.0009504167960972034
0.000950415289543185
0.0009504140898798125
0.0009504162520638064
0.0009504168902568274
0.0009504140724428433
0.000950415606896001
0.0009504158893748793
0.0009504179573992522
0.0009504130785356813
0.0009504166740384253
0.0009504319418473699
0.0009504021874056395
0.0009504234884054119
0.0009504024001366469
0.0009504127472332979
0.0009504212808852984
0.0009504212948348745
0.0009504127472332939
0.0009504024001366513
0.0009504234988675912
0.0009504021769434622
0.0009504319418473665
0.0009504156731564808
0.0009504315547466835
0.0009504067105550657
0.0009503982292139689
0.0009504177167690958
0.0009504154255515415
0.0009504244090773109
0.0009504185293317918
0.0009504185537435478
0.0009504006285407244
0.0009504102921082376
0.0009504303655454893
0.0009504814560683842
0.0009462911253092091
0.0009217218978789193
0.0008794602811849217
0.0008274734317025679
0.0007763914395789128
0.0007341200738120186
0.0007012344604598298
0.0006734694545997544
0.0006434180181706525
0.0006103022563478942
0.0005774002870589487
0.0005599875870267866
0.0005658050170195912
0.0006012917582593053
0.0006333887302896775
0.0006373811484554849
0.0007709543080032665
0.0007663420099850307
0.0007289961717319134
0.0006879073469846437
0.0006818862441331959
0.0007032643416604264
0.000742900119276364
0.0007827652065420844
0.0008190246352615759
0.0008525330381785363
0.0008920731202241086
0.0009425844921603877
0.001003506275668277
0.001065287022423691
0.001115442668866567
0.001144638567553416
0.00114966125950068
0.001149585244582781
0.001149588033131441
0.001149586254375398
0.001149584847425849
0.001149587386695158
0.001149588138758284
0.001149584826300481
0.001149586630406963
0.001149586959962712
0.00114958939360518
0.001149583651729985
0.001149587889478935
0.001149605850267359
0.001149570841306434
0.001149595904443799
0.00114957108636071
0.001149583258798128
0.001149593310248525
0.001149593322923752
0.001149583258798128
0.001149571086360707
0.0011495959213441
0.001149570824406132
0.001149605850267362
0.001149586710683365
0.001149605398184471
0.001149576169124405
0.001149566181050104
0.001149589114750319
0.001149586410703136
0.001149596977612524
0.001149590065391904
0.001149590094967423
0.001149569016074581
0.001149580373072769
0.001149603999685061
0.001149660083809982
0.001144640387816689
0.00111545793175761
0.001065268242430465
0.001003478382030456
0.0009426350437717465
0.0008920839606382062
0.0008525389443829777
0.0008190040472106
0.0007827682268771135
0.0007429100914429529
0.0007032846899484792
0.0006818885107133688
0.0006878863670250726
0.0007289652499535014
0.0007663578941520218
0.0007709543662513998
0.0009321969638224136
0.0009269626762692068
0.0008839076027729334
0.0008369374876622782
0.0008311850940724997
0.0008575267241506782
0.0009051994049241613
0.0009531114658135401
0.000996786786179022
0.001037232779987413
0.001084701264605969
0.001144927520668677
0.00121720030185907
0.001290297690811424
0.00134957955697088
0.001384093642400056
0.001390094984826064
0.001390012297685287
0.001390015548119282
0.001390013480126627
0.001390011821637468
0.001390014800775404
0.001390015670970328
0.001390011806281092
0.001390013915224088
0.001390014299133617
0.00139001713494533
0.00139001043444438
0.001390015384317881
0.00139003636113444
0.001389995487566794
0.001390024731235168
0.001389995743506468
0.001390009983990539
0.00139002171626568
0.001390021731622065
0.001390009963515362
0.001389995763981648
0.001390024751710343
0.001389995467091616
0.001390036345778061
0.001390014017599971
0.001390035833898689
0.001390001701782334
0.001389990020695129
0.001390016797104941
0.001390013674640783
0.001390025995577214
0.001390017918120766
0.001390017969308688
0.001389993342792245
0.001390006600467899
0.00139003419076591
0.001390093592037281
0.001384095781148866
0.001349597408452168
0.001290275740853443
0.001217167655852789
0.001144986560947181
0.00108471398171154
0.00103723972858996
0.000996762789815195
0.0009531150570365459
0.0009052111204884427
0.0008575505784419618
0.0008311878187145197
0.0008369130336121206
0.0008838714662904448
0.0009269812022451608
0.0009321970318728257
0.001126688250384393
0.001120865824390567
0.001071918527270723
0.001019137659768886
0.001014432328012019
0.001046993945810917
0.001104241156144379
0.001161721957399279
0.001214263011966655
0.001263043756592058
0.001319914043605631
0.001391456539102997
0.001476763003815018
0.001562751358580346
0.001632396102424431
0.001672952170427629
0.001680099977438037
0.001680013589034158
0.001680017353381159
0.00168001497198207
0.001680013043296863
0.001680016497565867
0.001680017502218605
0.001680013024692181
0.00168001546810688
0.001680015914619209
0.00168001919524453
0.001680011443294342
0.001680017161132801
0.001680041440240765
0.001679994147143105
0.001680027976653692
0.001679994444817988
0.001680010928564855
0.001680024503780012
0.001680024503780001
0.001680010903758616
0.001679994469624224
0.001680027982855259
0.001679994140941542
0.001680041427837652
0.001680015573533402
0.001680040826286309
0.001680001340952871
0.001679987827753317
0.001680018785941548
0.001680015195238235
0.00168002944642345
0.001680020100672312
0.001680020181292586
0.001679991654115916
0.001680006990574168
0.001680038922407356
0.001680098382423485
0.001672954646085675
0.0016324168047549
0.001562725995181601
0.001476725165615279
0.00139152479560257
0.001319928863073421
0.001263051924076503
0.001214235315878498
0.001161726180034522
0.001104254813663543
0.001047021643751178
0.001014435599554191
0.001019109459947474
0.001071876732619518
0.001120887217193919
0.00112668833627979
0.001361059508574109
0.001354767354745872
0.001300185492209306
0.001242294271921312
0.001239916523569416
0.001280316966948671
0.001348925620305217
0.001417734442787514
0.001480842191091192
0.001539617481338895
0.001607579308233826
0.001692165931429361
0.001792208642816045
0.001892611983482656
0.001973793314227745
0.002021080565102827
0.002029559813118748
0.002029475394450878
0.002029479707120448
0.002029476972256823
0.002029474785868587
0.002029478722870082
0.002029479879927774
0.002029474755815138
0.002029477543272304
0.002029478061694253
0.002029481810861711
0.002029472945094988
0.002029479481719602
0.002029507228564085
0.002029453162413834
0.002029491856226195
0.002029453560622002
0.002029472344026062
0.002029487881657893
0.002029487859117819
0.002029472344026062
0.00202945353808191
0.002029491856226196
0.00202945318495392
0.002029507206023999
0.002029477655972725
0.002029506529821463
0.002029461404571529
0.002029445964613397
0.002029481367573359
0.002029477220197758
0.002029493524192472
0.002029482862732343
0.00202948291532587
0.002029450344903208
0.002029467843522454
0.002029504358459947
0.002029557993880225
0.002021083436620013
0.001973817006948812
0.001892583034473404
0.001792165322073946
0.001692243856989729
0.00160759634244123
0.00153962694297733
0.00148081068029205
0.001417739320965922
0.00134894130181187
0.001280348775332678
0.001239920445794789
0.001242262216092443
0.001300137741201438
0.001354791717847096
0.001361059599657721
0.001643156874884185
0.001636652037484934
0.001577451361663879
0.001516200993160739
0.001518197601541227
0.001568539926217039
0.001650563405114605
0.001732707814923055
0.001808361420008075
0.001879093830243305
0.001960054565819806
0.002059467252826106
0.002175815625365141
0.002291917690561161
0.002385581169538825
0.002440159177620223
0.002450167066452839
0.002450094524880172
0.002450099367487535
0.002450096281690741
0.002450093842181761
0.002450098256964796
0.002450099549540452
0.002450093805771177
0.002450096937081212
0.002450097510547868
0.002450101725072709
0.002450091766778597
0.002450099121716124
0.002450130270968786
0.002450069538118454
0.002450113012353037
0.002450070029661311
0.002450091056772254
0.002450108552056778
0.002450108515646215
0.002450091093182839
0.002450069975045429
0.002450113030558341
0.002450069574529029
0.002450130207250271
0.002450097073620889
0.002450129488141303
0.002450078804611488
0.002450061473174606
0.002450101242632487
0.00245009659118069
0.002450114860190063
0.002450102917519262
0.002450102935724554
0.002450066415911061
0.002450086059419923
0.002450127021324358
0.002450164980245724
0.002440162418998648
0.002385607915590961
0.00229188521754761
0.002175766814282948
0.002059554664726825
0.001960073873745426
0.001879104699249705
0.001808326215272514
0.001732713497964151
0.001650581221172468
0.001568575877294538
0.001518202330236572
0.001516165224621612
0.001577397717743915
0.001636679279782439
0.001643156956432262
0.001982210348942808
0.001975970962354457
0.001914414796236743
0.001853251796792306
0.001862829673009045
0.00192586997271347
0.002023632329761838
0.002121362746071745
0.002211840281044711
0.00229683664579145
0.002392901797012374
0.002508842211736851
0.002642673692201506
0.002775203860007568
0.002881795875124447
0.002943938233481101
0.002955674145198924
0.002955629907613526
0.002955635212132845
0.002955631837532192
0.002955629157702271
0.002955633999041101
0.002955635410638771
0.002955629124617944
0.002955632554359131
0.002955633171933099
0.002955637792709813
0.002955626896940399
0.002955634969514493
0.002955669035336095
0.002955602546880803
0.002955650155217425
0.002955603065201816
0.002955626091888596
0.002955645280794255
0.002955645236681856
0.00295562613600102
0.002955603065201816
0.002955650199329845
0.002955602546880803
0.002955668991223662
0.002955632708752634
0.002955668208228081
0.002955612703767071
0.002955593680283019
0.002955637285416902
0.002955632168375394
0.002955652162332837
0.002955639094026399
0.002955639138138837
0.002955599117139602
0.002955620666060108
0.002955665484285749
0.002955671858553727
0.002943941807405369
0.002881825353763088
0.002775168331032062
0.002642619953299022
0.002508937850759148
0.002392923223400868
0.002296848939428816
0.002211801963284513
0.002121369164366611
0.002023652138559678
0.001925909732782194
0.001862835390147613
0.001853213012352996
0.001914356036035909
0.001976000666105916
0.001982210440207674
0.002388997523684842
0.002383847603769264
0.002324193858190348
0.002269238457892737
0.002291350207719136
0.002370733023083051
0.00248680966041996
0.002602585679964657
0.002710471335967084
0.002812422413318296
0.002925841522288311
0.003059700285660348
0.00321137860796815
0.003360008360801751
0.003479043396322338
0.003548488146851176
0.003562135690328847
0.003562146155152189
0.003562151753350986
0.003562148199363214
0.003562145366861664
0.003562150470708774
0.003562151980485539
0.003562145326779105
0.003562148947571165
0.003562149615613961
0.003562154478965677
0.003562142988629253
0.003562151512855568
0.00356218744019816
0.003562117282341733
0.003562167519161427
0.003562117816775981
0.003562142146895292
0.003562162375231742
0.003562162375231742
0.003562142146895315
0.003562117856858545
0.00356216753252225
0.003562117282341748
0.003562187480280718
0.003562149107901454
0.003562186518299073
0.003562128024470176
0.00356210792974234
0.003562153931170541
0.003562148546745475
0.003562169670259291
0.003562155841773001
0.003562155935299019
0.003562113608106239
0.003562136415087963
0.003562183712519261
0.003562133272941117
0.003548492023022767
0.003479074794970644
0.003359970979481309
0.003211321433081189
0.003059801042881783
0.002925864683380735
0.002812435931145096
0.002710431391680502
0.002602592829877654
0.00248683099726711
0.002370775691044781
0.002291356981660978
0.002269198091870474
0.00232413178293172
0.002383878665228631
0.002388997619826238
0.002375296297821294
0.002372786074937975
0.002329482955027518
0.002295504022086863
0.002329128689393486
0.002411806969065714
0.002525292231762043
0.002638189917072581
0.002744179659393435
0.002845008379108471
0.002955177291269793
0.003081797923131697
0.003222013346457444
0.003357567421385785
0.003465531864680365
0.003528575376228049
0.003541597443997635
0.003541678124951974
0.003541682801251674
0.003541679835141579
0.003541677456909155
0.003541681719022319
0.003541683001664522
0.003541677403465737
0.00354168046310183
0.003541681010896926
0.003541685085958103
0.003541675479502425
0.003541682587477979
0.00354171267612636
0.00354165394180208
0.003541696028499402
0.003541654369349477
0.003541674744655326
0.003541691726303688
0.003541691686221117
0.003541674798098773
0.003541654369349453
0.003541695975055988
0.00354165394180208
0.003541712783013203
0.003541680569988681
0.003541711954640132
0.003541662906936649
0.003541646072257709
0.003541684618328128
0.003541680142441261
0.003541697792132461
0.003541686248352596
0.003541686341878604
0.003541650828722548
0.003541669921386192
0.003541709589768585
0.00354159542865089
0.003528578691001522
0.003465558499296255
0.00335753626106926
0.003221964827260286
0.003081882153593488
0.002955197343941335
0.002845020435369878
0.002744146762184361
0.002638196389236473
0.002525310725236643
0.002411843565223806
0.002329135368582002
0.002295470951598319
0.002329430828183861
0.002372811832373242
0.002375296358499966
0.001950257715262428
0.001950174387922467
0.001926749528662405
0.001914505753365021
0.00195093293444612
0.002021658549685115
0.002113377549054028
0.002204395364547824
0.002290451477017568
0.002372830418442055
0.002461315740328769
0.002560376115421818
0.002667474964771277
0.002769511324584839
0.002850285627137531
0.002897499619509681
0.002907776901100936
0.002907896390950469
0.002907899556017091
0.002907897548901665
0.002907895927769992
0.002907898828162045
0.002907899699382478
0.002907895894685666
0.002907897967969725
0.002907898342925353
0.002907901122008248
0.002907894560284748
0.002907899412651716
0.002907919880817737
0.002907879948043367
0.002907908588036485
0.002907880190661725
0.002907894086076162
0.002907905621475771
0.002907905599419557
0.002907894130188605
0.002907880223746043
0.002907908543924061
0.002907879948043364
0.002907919924930156
0.002907898034138381
0.002907919417637239
0.002907886013502073
0.002907874588383515
0.002907900824249359
0.002907897714323271
0.0029079097570158
0.002907901938088135
0.002907901927060021
0.002907877852703108
0.002907890788672261
0.00290791779650557
0.002907775543935176
0.002897501922640737
0.00285030401648823
0.00276949023836646
0.002667441450263999
0.002560433215668276
0.002461329937685036
0.002372839297088196
0.002290429601503791
0.002204400193577181
0.002113390681671932
0.002021684165582502
0.001950938365434496
0.001914483950723724
0.001926713989311394
0.001950191620610039
0.001950257717018246
0.001602718727167437
0.001604004776082603
0.001593061750957768
0.001593721851219181
0.001629698030170284
0.001689766644999691
0.001764141864616475
0.001837791033075408
0.001907849044244072
0.001975268905076189
0.00204663690766775
0.002124686772382169
0.002207203277157823
0.00228471341425897
0.002345702888596632
0.002381388071518204
0.002389549985284421
0.002389684618106811
0.00238968676633114
0.002389685400934323
0.002389684299514233
0.002389686283890924
0.002389686857357586
0.00238968428130894
0.002389685692218978
0.002389685947093048
0.002389687831340651
0.002389683352839097
0.002389686675304684
0.002389700593249495
0.002389673440058263
0.002389692919719431
0.00238967358570059
0.002389683070657109
0.002389690862521553
0.002389690908034806
0.002389683070657088
0.002389673613008541
0.00238969291971942
0.002389673412750332
0.002389700620557432
0.002389685737732198
0.00238970023824633
0.002389677572659275
0.002389669835410688
0.002389687621979801
0.002389685510166063
0.002389693693444286
0.002389688404807315
0.002389688341088784
0.002389672038250874
0.002389680804098393
0.002389699182339451
0.002389549038550758
0.002381389720066952
0.00234571564005726
0.002284699159969965
0.002207180087413122
0.002124725391779672
0.00204664703594898
0.001975275488032394
0.001907834591358689
0.001837794681816774
0.001764151228119257
0.001689784664668995
0.001629702460380193
0.00159370757606829
0.001593037581628736
0.001604016257182511
0.00160271872147515
0.001318099789173972
0.001320084332173409
0.001316769299699491
0.001324649068223657
0.001358369699045832
0.001409102912168809
0.00146958640790207
0.001529370255355956
0.0015865334765874
0.001641789648696071
0.001699560599837194
0.001761452296534495
0.001825553517384695
0.001884958487255965
0.00193142834557506
0.001958644714156758
0.001965162897797166
0.001965298557564767
0.001965300037697008
0.001965299098526808
0.001965298347190632
0.00196529969959574
0.001965300090290539
0.001965298332163912
0.001965299301387572
0.001965299474194884
0.001965300743953003
0.001965297731094988
0.001965299947536665
0.001965309429399069
0.001965290961556139
0.001965304192585996
0.001965291096796648
0.0019652975132075
0.001965302817640818
0.001965302825154188
0.001965297543260931
0.00196529107425657
0.001965304215126079
0.001965290939016053
0.001965309421885716
0.001965299338954372
0.001965309181458142
0.001965293809120198
0.001965288497173528
0.001965300623739218
0.001965299173660411
0.00196530472603468
0.00196530113464781
0.00196530111210773
0.001965290022385914
0.001965295957941648
0.001965308475202156
0.001965162217471722
0.001958645911008899
0.001931437229024504
0.001884948866169022
0.001825537396896095
0.001761478407165252
0.001699567876053272
0.00164179459343507
0.001586524030064112
0.00152937300975482
0.001469593134757069
0.00140911567787366
0.001358373330361934
0.001324639781495362
0.001316752840216487
0.001320091927312377
0.001318099780540474
0.001084701043622851
0.001086967948912428
0.001088126900196068
0.001099628107217588
0.001130203986309185
0.001172864470155772
0.001222170459023539
0.001270830592241714
0.00131756169840478
0.001362902993187462
0.00140981307765924
0.001459174415740867
0.001509353016358482
0.001555271113129085
0.001590990193306076
0.001611929740660647
0.00161716086696263
0.001617289553664928
0.001617290570720791
0.001617289925758537
0.001617289423432165
0.001617290335061504
0.001617290601728598
0.001617289411029042
0.001617290062192865
0.001617290186224057
0.001617291048240925
0.001617289007927632
0.001617290496302069
0.001617296945924626
0.001617284406370004
0.001617293373825981
0.001617284511796526
0.001617288840485504
0.001617292468398203
0.001617292443591955
0.00161728886529175
0.001617284493191846
0.001617293392430663
0.001617284406370004
0.001617296921118387
0.001617290099402225
0.001617296784684059
0.001617286316450521
0.001617282725747209
0.001617290961419087
0.001617289987774138
0.001617293770725817
0.001617291296303329
0.00161729129630333
0.001617283767609294
0.001617287792421864
0.001617296294760806
0.001617160394761465
0.001611930591262501
0.00159099639614655
0.001555264652780906
0.001509341794484803
0.001459192031022599
0.001409818341869431
0.00136290672764103
0.001317555555915545
0.001270832716300814
0.001222175323374031
0.00117287354089918
0.001130206969040082
0.001099622202467174
0.00108811571181244
0.001086972945303987
0.001084701018805739
0.0008930930286767973
0.0008953925699795871
0.0008990029460510297
0.0009119006571789345
0.0009390067062852696
0.0009747537095507556
0.001015030484190377
0.001054727590715812
0.001092991935288114
0.001130234674114248
0.001168426935608485
0.001207995199098863
0.001247552362323215
0.00128333112070509
0.001311017000781746
0.001327261629843302
0.001331477905606621
0.001331595524797994
0.001331596210716351
0.001331595775618888
0.001331595437778498
0.001331596052033748
0.001331596231191519
0.001331595427540917
0.001331595867757177
0.001331595949657874
0.001331596538319151
0.001331595156244848
0.001331596154409621
0.001331600546334617
0.001331592023543106
0.00133159813026399
0.001331592095206212
0.001331595043631389
0.00133159749041478
0.001331597490414777
0.001331595043631386
0.001331592095206222
0.001331598125145193
0.001331592023543104
0.00133160054633462
0.001331595883113558
0.001331600433721145
0.001331593303241533
0.001331590912764871
0.001331596466656036
0.00133159582680683
0.001331598381084884
0.001331596707239337
0.001331596702120547
0.001331591588445631
0.001331594342356661
0.001331600085643176
0.001331477601074474
0.001327262245544965
0.001311021324406711
0.0012833267904861
0.00124754449298488
0.001208007056191978
0.001168430763159157
0.001130237502623811
0.001092988010636033
0.001054729235996228
0.001015034052957742
0.0009747602164096696
0.0009390091388895095
0.0009118969713421103
0.0008989953330581484
0.0008953958228509279
0.0008930929920247289
0.0007356476806390977
0.0007378376258752969
0.0007426256491804559
0.0007555909671808543
0.0007792374691646356
0.0008091076017479618
0.0008420656721726441
0.0008745135530616758
0.0009058874578431838
0.0009365036607587064
0.0009676683239211236
0.0009995277675334435
0.001030910891108663
0.00105899695624517
0.00108062485199375
0.001093325415881101
0.001096736383254306
0.00109684123313108
0.001096841689439037
0.001096841393683881
0.001096841165529898
0.001096841583812198
0.001096841706339332
0.001096841161304827
0.001096841457059985
0.001096841516211016
0.001096841913367948
0.001096840975401581
0.001096841651413373
0.001096844634315409
0.001096838845964436
0.001096843003436957
0.001096838896665322
0.001096840899350257
0.001096842564029296
0.001096842547129001
0.001096840920475622
0.001096838892440248
0.001096842982311588
0.00109683885018951
0.001096844646990633
0.001096841461285058
0.00109684455403901
0.001096839724779765
0.001096838098126389
0.001096841866892139
0.001096841431709542
0.001096843147089461
0.001096842035895087
0.001096842031670008
0.001096838550209283
0.001096840430367074
0.001096844313209801
0.001096736185189181
0.001093325875302106
0.001080627908086545
0.001058994080941464
0.00103090535013383
0.0009995357362638402
0.0009676711409791969
0.0009365058404756881
0.0009058850055641399
0.0008745148211766348
0.0008420682923991755
0.0008091123006996308
0.0007792394772458862
0.0007555887386556099
0.0007426204463959877
0.0007378397281437937
0.0007356476698555187
0.0006061744999515592
0.0006081809591864129
0.000613364766893711
0.0006256466520372359
0.0006460319045150853
0.0006709350960323254
0.0006979436103497564
0.000724509381803705
0.0007502627100005568
0.0007754489069266431
0.0008009274852769205
0.0008266791208787662
0.000851719332779113
0.0008739166412173789
0.000890934394094889
0.0009009352481521069
0.000903703563191851
0.0009037953989295942
0.0009037957023328351
0.0009037955070387988
0.0009037953501060856
0.0009037956325849618
0.0009037957197698031
0.0009037953501060876
0.0009037955454001218
0.0009037955907362409
0.0009037958557781478
0.0009037952175851308
0.000903795684895867
0.0009037977006093386
0.0009037937807789881
0.0009037965881308031
0.0009037938226277081
0.0009037951652742266
0.0009037963021645268
0.0009037962847275639
0.0009037951827111895
0.0009037938191403185
0.0009037965741812255
0.0009037937982159551
0.0009037976936345569
0.0009037955523749075
0.0009037976448110436
0.0009037943840980706
0.0009037932611573498
0.0009037958278790039
0.0009037955384253382
0.0009037966857778163
0.0009037959394755949
0.0009037959394755906
0.0009037935854849557
0.0009037948514088058
0.0009037974843909414
0.0009037034156083772
0.0009009355794480073
0.0008909365544038326
0.0008739147278114456
0.0008517154096399932
0.0008266844401638742
0.0008009295632485441
0.0007754505955051839
0.0007502612143206063
0.0007245103865405239
0.0006979455673708059
0.0006709385125371109
0.0006460335443919135
0.0006256453653100491
0.0006133612310304323
0.00060818227653164
0.0006061744821743023
0.0004996357513119059
0.0005014273580186228
0.0005065453096589415
0.0005177594542345901
0.0005351764214712796
0.0005559007580472716
0.0005780606945352799
0.0005998404679746595
0.0006210000664911102
0.0006417312510432257
0.0006625945529412872
0.0006834785640060419
0.0007035585258300705
0.0007212091596754541
0.0007346874926962544
0.000742613698453372
0.0007448665827891056
0.000744945983263767
0.0007449461933949397
0.0007449460609835145
0.0007449459516001677
0.000744946144460281
0.0007449462049089787
0.0007449459516001668
0.0007449460868900974
0.0007449461156751959
0.0007449462941427655
0.0007449458652448871
0.0007449461847594113
0.0007449475434157797
0.0007449448923087622
0.0007449467834893409
0.0007449449210938545
0.0007449458249457554
0.000744946599264748
0.0007449465848722005
0.0007449458393382993
0.0007449449210938562
0.0007449467834893397
0.0007449449009442827
0.0007449475319017418
0.0007449460955256286
0.0007449475002381428
0.0007449453039355858
0.0007449445411306291
0.0007449462797502203
0.0007449460811330828
0.0007449468554520649
0.000744946351712956
0.0007449463517129473
0.0007449447570188272
0.0007449456176930925
0.000744947402368827
0.0007448664776422262
0.0007426139538685129
0.0007346890430027305
0.0007212079081213354
0.0007035557535255288
0.0006834821196799827
0.0006625961138945182
0.0006417325711581248
0.0006209991823648973
0.0005998412545375935
0.0005780621504708934
0.0005559032739545811
0.0005351777757487249
0.0005177587436980631
0.0005065429053173233
0.0005014281879149883
0.0004996357366159259
0.0004119223487451206
0.0004134934591323782
0.0004182895618743894
0.0004282792535296079
0.0004430578692484758
0.0004602790556260532
0.0004784793533845392
0.0004963558197004661
0.0005137547407851939
0.0005308271021023565
0.0005479341181664437
0.0005649187675225492
0.0005810920244218354
0.0005952037174384551
0.0006059416690418922
0.0006122601627935732
0.0006140978251919707
0.0006141658096869421
0.0006141659546188908
0.000614165864333414
0.0006141657883035381
0.0006141659213558192
0.0006141659617466873
0.0006141657883035409
0.000614165883340882
0.0006141658999724189
0.000614166023520961
0.0006141657336570692
0.0006141659498670226
0.0006141668574736393
0.0006141650778994062
0.0006141663490238559
0.0006141650921550097
0.0006141657098977342
0.0006141662254753111
0.0006141662183475152
0.0006141657146495993
0.0006141650921550106
0.0006141663513997908
0.000614165073147541
0.0006141668693533107
0.0006141658809649503
0.0006141668408421019
0.0006141653487558309
0.0006141648379301219
0.0006141660187690977
0.0006141658738371485
0.0006141663989184607
0.0006141660615358963
0.0006141660615359019
0.0006141649828620611
0.0006141655578379875
0.0006141667743159631
0.0006140977531733441
0.0006122603401694324
0.0006059427757010216
0.0005952028873683926
0.0005810900337620759
0.0005649211229163605
0.0005479353016238651
0.0005308281492601272
0.0005137542624729959
0.0004963564491573294
0.0004784804555853797
0.0004602809242380451
0.0004430589808055308
0.0004282789220704739
0.0004182879357893437
0.0004134939496138406
0.0004119223300418642
0.0003396760277518323
0.0003410357146921609
0.0003453839627294503
0.0003541292143712586
0.000366601819032522
0.0003808947673138771
0.0003958556255763792
0.0004105423621790895
0.0004248583396828576
0.0004389231967921746
0.0004529659730504765
0.0004668127482877644
0.0004798891414322642
0.0004912254828594303
0.0004998249033453361
0.0005048877228720392
0.0005063896291086464
0.0005064474215036576
0.0005064475175978306
0.0005064474607257679
0.0005064474077759243
0.0005064474960256688
0.0005064475234811496
0.0005064474097370293
0.0005064474705312957
0.0005064474822979267
0.000506447566625465
0.0005064473705149163
0.0005064475097534061
0.0005064481294627481
0.000506446929266179
0.0005064477843081806
0.0005064469410328131
0.0005064473567871785
0.0005064477019417453
0.0005064476980195378
0.0005064473509038616
0.000506446942993921
0.0005064477862692826
0.000506446927305073
0.0005064481353460565
0.0005064474666090857
0.0005064481216183218
0.0005064471057656766
0.0005064467664944226
0.0005064475607421482
0.0005064474705312995
0.0005064478176469709
0.0005064475881976281
0.0005064475960420515
0.0005064468665108036
0.0005064472508874845
0.000506448062785159
0.0005063895840301152
0.0005048878498219519
0.0004998256949389833
0.0004912249535882398
0.0004798876906099243
0.0004668142887699487
0.0004529668773733419
0.0004389240263217196
0.0004248581181910722
0.0004105428656688659
0.0003958564683068072
0.0003808961533274556
0.0003666027348009627
0.0003541291251563429
0.0003453828540506172
0.0003410359906608155
0.0003396760116184831
0.000280147638072165
0.0002813127727046752
0.0002851672063606481
0.0002927260327107812
0.0003032078357521858
0.0003150587825716341
0.000327365479252576
0.0003394412578205593
0.0003512269572840224
0.0003628179339231245
0.0003743561462559897
0.0003856678409901658
0.0003962751045402315
0.000405419957365092
0.0004123382803994588
0.0004164132508561476
0.000417642778043501
0.0004176916210395783
0.0004176916857877641
0.0004176916469388527
0.0004176916113273503
0.0004176916696007161
0.0004176916890251741
0.0004176916129460551
0.0004176916534136707
0.0004176916615071971
0.0004176917165431534
0.0004176915838093666
0.0004176916809316509
0.0004176920953200539
0.0004176912875864074
0.0004176918687013958
0.0004176912989173379
0.0004176915724784376
0.0004176918104280262
0.0004176918088093223
0.0004176915724784356
0.000417691295679933
0.0004176918670826925
0.0004176912892051156
0.0004176920985574664
0.0004176916534136697
0.0004176920872265297
0.0004176914106079676
0.0004176911839893091
0.0004176917052122196
0.0004176916550323745
0.0004176918913632601
0.0004176917278740881
0.0004176917392050191
0.0004176912487374938
0.0004176915093489509
0.0004176920451402079
0.0004176427557603219
0.0004164133486034938
0.0004123388506635825
0.000405419618014402
0.0003962740610686208
0.000385668857035913
0.0003743568311035458
0.0003628185911342514
0.0003512268805552586
0.0003394416541791378
0.0003273661313559483
0.000315059834466149
0.0003032085919124572
0.0002927260756705814
0.0002851664551596188
0.0002813129161927473
0.0002801476198673533
0.0002310835265036612
0.0002320744263179687
0.0002354366971293196
0.0002419077280283824
0.0002506867519050741
0.000260505012263904
0.0002706343611589292
0.0002805699312566724
0.0002902769314983469
0.0002998317625059707
0.000309319514237802
0.000318576203441063
0.0003272047290368603
0.0003346083302037107
0.0003401963258058027
0.0003434890490377861
0.0003444969971010946
0.0003445380886973336
0.0003445381314520781
0.0003445381060664507
0.0003445380806808198
0.0003445381207633891
0.0003445381341242447
0.0003445380820169047
0.0003445381100747084
0.0003445381140829611
0.0003445381528294437
0.0003445380606395388
0.0003445381341242496
0.0003445384013413765
0.0003445378669071171
0.0003445382530358698
0.0003445378709153742
0.000344538057967363
0.0003445382102811301
0.0003445382196337294
0.0003445380526230213
0.0003445378722514585
0.0003445382530358702
0.0003445378615627739
0.0003445384106939753
0.0003445381114107914
0.0003445383959970346
0.0003445379524165955
0.0003445377947584923
0.0003445381434768445
0.0003445381100747065
0.0003445382677328112
0.0003445381621820455
0.0003445381675263918
0.0003445378375132354
0.0003445380112043629
0.0003445383759557498
0.0003444969761997777
0.0003434891228915542
0.0003401967652938982
0.0003346081182402753
0.0003272039610174841
0.0003185768580747514
0.0003093200520193854
0.0002998322974580471
0.0002902769489962064
0.0002805702511593257
0.0002706348734865099
0.0002605058163150231
0.0002506873814099682
0.000241907844633624
0.0002354361784919494
0.0002320744790003784
0.0002310835175031065
0.0001906340912345938
0.0001914718638661642
0.0001943702777329715
0.0001998695272550842
0.0002072025024929052
0.000215331362951634
0.0002236726423291687
0.0002318518171646374
0.0002398497347996101
0.0002477278836072627
0.0002555346194978786
0.0002631206006402295
0.0002701562674648649
0.0002761687297260164
0.0002806976849711091
0.0002833672815481889
0.0002841945317261559
0.0002842289746662137
0.0002842290033392862
0.0002842289867971277
0.0002842289702549713
0.0002842289967224291
0.0002842290044420995
0.0002842289713577808
0.0002842289890027511
0.000284228991208372
0.0002842290187786413
0.0002842289570212422
0.0002842290044420995
0.0002842291842002331
0.0002842288268895867
0.0002842290860500882
0.0002842288257867741
0.0002842289570212413
0.0002842290584798222
0.0002842290595826323
0.0002842289526100047
0.0002842288301980145
0.0002842290871528976
0.0002842288213755305
0.0002842291886114805
0.0002842289923111811
0.000284229176480563
0.0002842288864413616
0.0002842287783659174
0.0002842290121617763
0.0002842289912083716
0.0002842290904613292
0.0002842290264983133
0.0002842290287039362
0.0002842288059361814
0.0002842289217313014
0.0002842291687608859
0.0002841945219337079
0.0002833673457014653
0.0002806980125063661
0.0002761685995225079
0.0002701556926582635
0.000263121008635581
0.00025553503263806
0.0002477283056237599
0.0002398498066587609
0.0002318520902688271
0.0002236730429075254
0.0002153319699034166
0.0002072030095709022
0.0001998696682594073
0.0001943699291119962
0.0001914718739609766
0.000190634079330052
0.0001572798555636903
0.0001579849107089805
0.0001604611848307994
0.0001651079432242272
0.0001712197070066459
0.0001779462091568342
0.0001848178407472472
0.0001915541995685054
0.0001981459857591408
0.000204642872938711
0.0002110699077594456
0.0002172942719245685
0.000223042708889696
0.0002279383014520103
0.0002316196950063733
0.0002337903386556448
0.0002344699446966334
0.0002344987387104735
0.0002344987587362955
0.0002344987469028549
0.0002344987359796796
0.000234498754184971
0.0002344987587362958
0.000234498736889944
0.0002344987487233855
0.0002344987505439147
0.0002344987678389394
0.0002344987277872988
0.0002344987578260284
0.0002344988816220122
0.0002344986376711087
0.0002344988160829615
0.0002344986404019045
0.0002344987259667712
0.0002344987969674057
0.0002344987942366103
0.0002344987250565063
0.000234498640401904
0.0002344988133521668
0.0002344986404019021
0.0002344988816220049
0.0002344987478131211
0.00023449887433989
0.0002344986804535448
0.0002344986112734381
0.0002344987614670864
0.000234498751454181
0.0002344988160829631
0.0002344987742107907
0.0002344987742107931
0.0002344986276582003
0.0002344987022998941
0.000234498868878306
0.0002344699384360247
0.0002337903810359449
0.0002316199346179652
0.0002279382338334663
0.0002230422710549632
0.0002172945182762476
0.0002110702347926318
0.0002046432155332636
0.0001981460730262155
0.0001915544207466531
0.0001848181576095072
0.0001779466893055846
0.0001712201348458213
0.0001651081103092859
0.0001604609474582078
0.0001579848899901573
0.0001572798495097407
0.0001297715478215946
0.0001303627302937916
0.0001324638353498101
0.0001363726407149608
0.0001414575696912642
0.0001470211810424793
0.0001526839872696655
0.0001582341420248541
0.0001636683999937468
0.0001690270384408112
0.0001743205732282116
0.0001794328586840506
0.0001841375572573616
0.000188132691767214
0.0001911326198716263
0.0001929018936039904
0.0001934606572145876
0.0001934846646281728
0.0001934846774008873
0.0001934846691361932
0.0001934846623741644
0.0001934846743955422
0.0001934846781522219
0.0001934846623741637
0.0001934846713901957
0.0001934846721415364
0.0001934846834115746
0.000193484655612139
0.000193484678152221
0.0001934847585451896
0.0001934845985105915
0.000193484712713686
0.0001934846007646022
0.0001934846571148109
0.0001934846999409715
0.0001934847029463182
0.0001934846533581303
0.0001934846007645995
0.0001934847134650233
0.0001934846000132671
0.0001934847592965297
0.000193484667633518
0.0001934847562911862
0.0001934846248073565
0.0001934845789758515
0.0001934846811575699
0.0001934846706388604
0.0001934847179730368
0.0001934846871682572
0.0001934846856655843
0.0001934845924999029
0.0001934846405854156
0.0001934847487778217
0.0001934606512928874
0.0001929019353380342
0.0001911327994603347
0.0001881326529641748
0.0001841372433639305
0.0001794330155169039
0.0001743208291822779
0.0001690273092346747
0.0001636684962793004
0.0001582343052217327
0.0001526842323466774
0.0001470215544665024
0.0001414579202794492
0.0001363727973403928
0.0001324636700233883
0.0001303626887789266
0.0001297715354075686
0.0001070813294052108
0.0001075755868169822
0.0001093487997161343
0.0001126251212551639
0.0001168496701629209
0.0001214497469266744
0.0001261176828447295
0.0001306919342271568
0.0001351728679171029
0.0001395932390549741
0.0001439548108244177
0.0001481572836123412
0.0001520132514286485
0.0001552796950589647
0.000157729474534244
0.0001591745886129329
0.0001596343038863146
0.0001596542908746157
0.0001596542983164873
0.0001596542933552381
0.0001596542890141475
0.0001596542964560213
0.0001596542995568018
0.0001596542883939878
0.0001596542952157053
0.000159654295215704
0.0001596543026575814
0.0001596542846730574
0.0001596542983164916
0.0001596543516499014
0.0001596542474636949
0.0001596543206421042
0.0001596542499443157
0.0001596542846730551
0.0001596543138203884
0.0001596543144405414
0.0001596542846730562
0.0001596542474636931
0.00015965432312273
0.0001596542493241593
0.0001596543491692777
0.0001596542939753936
0.0001596543497894338
0.0001596542654482182
0.0001596542313396368
0.0001596543032777367
0.0001596542939753944
0.0001596543249831981
0.0001596543051382022
0.0001596543045180454
0.0001596542431226037
0.0001596542759908695
0.0001596543435878756
0.0001596343002370306
0.0001591746259041676
0.0001577296213519354
0.00015527967803743
0.0001520130070977093
0.0001481573656462584
0.0001439550346717832
0.0001395934753794663
0.0001351729728004613
0.0001306920805101676
0.0001261178805233889
0.0001214500403489397
0.0001168499550529027
0.0001126252613601975
0.0001093486891599825
0.0001075755464636693
0.0001070813225600687
8.836314518466897e-05
8.877538407750726e-05
9.026554029963291e-05
9.300386795878985e-05
9.650951076365746e-05
0.0001003117864656358
0.0001041605201176105
0.0001079314658593874
0.00011162697309346
0.0001152737375476188
0.0001188685145170798
0.0001223255047964605
0.0001254896355349315
0.0001281645497467544
0.0001301686401129599
0.0001313510589226757
0.0001317294985310757
0.0001317461102561362
0.0001317461148630512
0.0001317461123036538
0.0001317461087204981
0.0001317461138392882
0.0001317461153749282
0.0001317461087205018
0.0001317461128155331
0.0001317461133274127
0.0001317461174224438
0.0001317461071848582
0.0001317461143511694
0.0001317461491589708
0.0001317460831265281
0.000131746128683793
0.0001317460846621657
0.0001317461051373425
0.0001317461251006389
0.0001317461251006373
0.000131746106672978
0.0001317460810790099
0.0001317461307313128
0.0001317460851740477
0.0001317461465995712
0.0001317461123036522
0.0001317461491589706
0.0001317460923403574
0.0001317460734008186
0.0001317461163986893
0.0001317461138392899
0.0001317461307313122
0.0001317461194699663
0.0001317461194699651
0.00013174607954337
0.0001317460995066715
0.000131746145575812
0.0001317294895673723
0.0001313510746766601
0.0001301687391544604
0.0001281645346902357
0.000125489442470781
0.0001223255485693123
0.0001188686827764852
0.0001152739182374615
0.000111627068444436
0.0001079315717963433
0.0001041606715319533
0.0001003120218721333
9.650974915643035e-05
9.300400489781886e-05
9.026547500564871e-05
8.877535130509531e-05
8.836314539535082e-05
7.292016112521254e-05
7.326334618790681e-05
7.45114053339002e-05
7.679483181068772e-05
7.970114027546629e-05
8.284319176521309e-05
8.60170779483812e-05
8.912645055998959e-05
9.217464656013393e-05
9.518346009065118e-05
9.81470126737133e-05
0.0001009924184336964
0.0001035914226682848
0.0001057848508426793
0.0001074268034401703
0.0001083956954739666
0.0001087073607336406
0.0001087211452840335
0.0001087211478190795
0.0001087211465515538
0.0001087211444390189
0.0001087211478190794
0.000108721148241585
0.0001087211444390187
0.0001087211465515558
0.0001087211473965723
0.0001087211499316196
0.0001087211431714994
0.0001087211490866015
0.0001087211693669563
0.0001087211275387247
0.0001087211575367487
0.0001087211271162191
0.0001087211444390168
0.0001087211533116736
0.0001087211558467193
0.0001087211423264818
0.0001087211258486972
0.000108721159226776
0.0001087211292287544
0.0001087211680994339
0.0001087211469740652
0.0001087211697894577
0.0001087211334538304
0.0001087211224686382
0.0001087211486640924
0.0001087211469740626
0.000108721159226776
0.0001087211511991383
0.0001087211503541243
0.0001087211258486967
0.0001087211381014093
0.0001087211680994277
0.0001087073594683221
0.0001083957104300277
0.0001074268850327467
0.0001057848613768985
0.000103591286035787
0.0001009924416234976
9.814714731084527e-05
9.51836125492026e-05
9.217473048709314e-05
8.912654844351383e-05
8.60172108540431e-05
8.284337589708006e-05
7.970133355798598e-05
7.679494568841826e-05
7.451135571436257e-05
7.326330100954992e-05
7.292015503520416e-05
6.017828543943258e-05
6.046354221614243e-05
6.150600668889577e-05
6.340655808245562e-05
6.581411383170573e-05
6.841006646027078e-05
7.102785290437105e-05
7.359216572949298e-05
7.610673003873192e-05
7.858937588854485e-05
8.103304789666303e-05
8.337620857736233e-05
8.5512816014804e-05
8.731342778430732e-05
8.866035612724611e-05
8.945525896086735e-05
8.971204552115329e-05
8.972348521020038e-05
8.972348695389551e-05
8.972348625642035e-05
8.972348486146094e-05
8.972348695389709e-05
8.972348765137789e-05
8.972348486146087e-05
8.972348625642057e-05
8.972348660515788e-05
8.972348834885291e-05
8.972348381524266e-05
8.972348765137438e-05
8.97235005547318e-05
8.972347370180027e-05
8.972349462616424e-05
8.972347370179816e-05
8.972348486146266e-05
8.972349113876838e-05
8.972349183624891e-05
8.972348381524459e-05
8.972347335306103e-05
8.972349357994733e-05
8.972347474801856e-05
8.972349985725497e-05
8.972348730263674e-05
8.972349950851934e-05
8.972347858415143e-05
8.972347091188355e-05
8.972348834885503e-05
8.972348625641996e-05
8.972349462616457e-05
8.972348834885464e-05
8.972348869759446e-05
8.972347370180006e-05
8.972348067658802e-05
8.972349985725938e-05
8.971204447599465e-05
8.945527294277291e-05
8.866041890669992e-05
8.731343348355084e-05
8.551269825444956e-05
8.337621454777269e-05
8.103315861484078e-05
7.858949500884838e-05
7.610681047162118e-05
7.359224440272815e-05
7.102795554074666e-05
6.841021607949298e-05
6.58142745617126e-05
6.340666384123309e-05
6.150597101522426e-05
6.046349591008676e-05
6.017827940672697e-05
4.96643697504645e-05
4.990117192839756e-05
5.077003287384335e-05
5.234952677099748e-05
5.434263222870567e-05
5.648702545616158e-05
5.864643739257849e-05
6.076156174796345e-05
6.283611486275095e-05
6.488472557676962e-05
6.690008149986515e-05
6.883041565510157e-05
7.058808580063122e-05
7.206760681890876e-05
7.317368393351651e-05
7.38265240310886e-05
7.403815288625979e-05
7.404761956961674e-05
7.404762043317156e-05
7.404762014532038e-05
7.404761928176777e-05
7.404762043317329e-05
7.404762100887498e-05
7.404761928176795e-05
7.404762014532038e-05
7.404762043317328e-05
7.404762129672417e-05
7.404761841821666e-05
7.404762100887341e-05
7.404762878084733e-05
7.404761266119539e-05
7.404762503878575e-05
7.404761266119695e-05
7.404761870606603e-05
7.404762417523498e-05
7.404762244812561e-05
7.404761899391711e-05
7.404761266119697e-05
7.404762388737833e-05
7.404761266119488e-05
7.404762906869876e-05
7.404762100887291e-05
7.404762791729299e-05
7.404761553970621e-05
7.404761064624241e-05
7.404762187242601e-05
7.404761985746954e-05
7.4047624750933e-05
7.404762100887325e-05
7.404762187242602e-05
7.404761266119661e-05
7.404761669110816e-05
7.404762906869844e-05
7.403815144832033e-05
7.382653786711786e-05
7.317373555833268e-05
7.206761859722971e-05
7.058799610330156e-05
6.883040550034545e-05
6.690017030121726e-05
6.488482395025047e-05
6.283617501957211e-05
6.07616142168961e-05
5.864651252938415e-05
5.648714331903289e-05
5.434276668967947e-05
5.234961368510337e-05
5.077001275010484e-05
4.990114677069782e-05
4.96643697894757e-05
4.098838802748263e-05
4.118477068188598e-05
4.19076424219004e-05
4.321869254987852e-05
4.486784660862596e-05
4.663899858813634e-05
4.842046810819579e-05
5.016529004746294e-05
5.187697821251098e-05
5.356751147519569e-05
5.522986128930787e-05
5.682064142191386e-05
5.826742080585939e-05
5.94840567070039e-05
6.039314679435429e-05
6.092975844810492e-05
6.11042175388693e-05
6.111206126899272e-05
6.111206150658405e-05
6.111206150658404e-05
6.111206103139745e-05
6.111206174417552e-05
6.111206174417559e-05
6.111206103139738e-05
6.111206150658419e-05
6.111206174417544e-05
6.11120622193643e-05
6.111206031861354e-05
6.111206269455074e-05
6.111206602085772e-05
6.111205746749908e-05
6.111206364492635e-05
6.111205675471897e-05
6.111206103139732e-05
6.111206364492438e-05
6.111206340733073e-05
6.111206008102411e-05
6.111205770509041e-05
6.111206340733496e-05
6.111205699231193e-05
6.111206673363994e-05
6.111206198176889e-05
6.111206625845321e-05
6.11120591306505e-05
6.111205580434156e-05
6.111206198177297e-05
6.111206174417933e-05
6.111206364492423e-05
6.111206269455076e-05
6.111206269455322e-05
6.111205675471667e-05
6.111205936824591e-05
6.111206673363776e-05
6.110421658893487e-05
6.092977192302272e-05
6.039319542268155e-05
5.948407183373636e-05
5.826735625787008e-05
5.682062797530228e-05
5.522993548583796e-05
5.356760201983598e-05
5.187703690538823e-05
5.016534808661227e-05
4.842054143602092e-05
4.663909369372227e-05
4.486795511684014e-05
4.321877717108831e-05
4.19076346011206e-05
4.118474293570406e-05
4.098838788487867e-05
3.382872701379179e-05
3.399145650980994e-05
3.459200338248515e-05
3.567914746653672e-05
3.704310867917142e-05
3.850581038278299e-05
3.997562777007004e-05
4.141512367153286e-05
4.282750967661653e-05
4.422262224146508e-05
4.559394954723156e-05
4.690526062826339e-05
4.809671233306769e-05
4.90978101785208e-05
4.984554020997455e-05
5.028693523769083e-05
5.043078786209032e-05
5.043727601507908e-05
5.04372764073001e-05
5.043727640730004e-05
5.043727601507915e-05
5.04372764073001e-05
5.043727640730022e-05
5.043727601507896e-05
5.043727621118959e-05
5.043727640730004e-05
5.043727679952146e-05
5.043727581897031e-05
5.043727660341067e-05
5.043727876062488e-05
5.043727464230501e-05
5.043727719173862e-05
5.043727385786303e-05
5.043727601507914e-05
5.043727660341062e-05
5.043727797618458e-05
5.043727523063665e-05
5.04372746423053e-05
5.043727719173862e-05
5.043727385786101e-05
5.043727876062303e-05
5.04372766034105e-05
5.04372789567355e-05
5.043727503452643e-05
5.043727307342434e-05
5.043727679951749e-05
5.043727640729825e-05
5.043727758396333e-05
5.043727660341073e-05
5.043727719173885e-05
5.043727385786066e-05
5.0437275230637e-05
5.043727876062482e-05
5.043078727414192e-05
5.02869420079462e-05
4.984556192931911e-05
4.909781418570657e-05
4.809665717913661e-05
4.69052477080486e-05
4.55940028258368e-05
4.42226740001493e-05
4.282755214870171e-05
4.141516845505781e-05
3.997568084213405e-05
3.85058771053659e-05
3.704319171014029e-05
3.567921533638994e-05
3.459199899595665e-05
3.399142683973878e-05
3.382872070284341e-05
2.792015118216278e-05
2.805489480213826e-05
2.855325176122615e-05
2.945399233350327e-05
3.058167051010307e-05
3.17895107693022e-05
3.300228920480505e-05
3.41899940968121e-05
3.535547089906036e-05
3.650681495799684e-05
3.763818806459404e-05
3.871937728631689e-05
3.970094896883262e-05
4.052513490385616e-05
4.114051649033299e-05
4.150381242032785e-05
4.162244480819297e-05
4.162781198994584e-05
4.162781198994414e-05
4.162781215181458e-05
4.162781182807358e-05
4.162781198994404e-05
4.162781215181454e-05
4.162781182807358e-05
4.162781198994403e-05
4.162781198994418e-05
4.162781231368491e-05
4.162781198994404e-05
4.162781150433079e-05
4.162781377052094e-05
4.162781085685089e-05
4.162781263742579e-05
4.162781069498047e-05
4.162781215181455e-05
4.162781198994599e-05
4.1627812475559e-05
4.162781215181474e-05
4.162781085685085e-05
4.162781263742594e-05
4.162781069498228e-05
4.162781328490969e-05
4.162781198994599e-05
4.16278132849094e-05
4.162781118059215e-05
4.162781037123716e-05
4.162781263742803e-05
4.162781198994208e-05
4.162781263742784e-05
4.162781198994589e-05
4.162781263742584e-05
4.162781069498219e-05
4.162781215181464e-05
4.162781263742965e-05
4.162244448460117e-05
4.150381930771688e-05
4.114054940577248e-05
4.052514649598031e-05
3.970089609189381e-05
3.871936112826201e-05
3.763824649237162e-05
3.650687958468596e-05
3.535551420641034e-05
3.419003284606078e-05
3.300234176330234e-05
3.178958229715517e-05
3.058174759001468e-05
2.945404238377291e-05
2.85532366484095e-05
2.805487030938956e-05
2.792015132327339e-05
2.304389291595674e-05
2.315539950291411e-05
2.356855625018366e-05
2.431434672348096e-05
2.524641539563171e-05
2.624375269084969e-05
2.72444958834151e-05
2.822450837384083e-05
2.918628526239913e-05
3.013649074551414e-05
3.106997891578435e-05
3.196159152970539e-05
3.277051243617737e-05
3.344935502386685e-05
3.395606845812175e-05
3.425522054102924e-05
3.43530755623038e-05
3.435752056564459e-05
3.435752056564658e-05
3.435752056564669e-05
3.435752056564649e-05
3.435752056564653e-05
3.435752056564664e-05
3.435752056564653e-05
3.435752056564653e-05
3.435752056564653e-05
3.435752056564855e-05
3.435752069925514e-05
3.435752029843113e-05
3.435752110008098e-05
3.435752016482081e-05
3.435752069925717e-05
3.435752016482074e-05
3.435752069925518e-05
3.43575206992532e-05
3.435752069925312e-05
3.435752069925526e-05
3.435752016482074e-05
3.435752069925708e-05
3.435752016482075e-05
3.435752110008117e-05
3.435752029842927e-05
3.435752123368953e-05
3.43575200312122e-05
3.435752029842919e-05
3.435752056564672e-05
3.435752083286553e-05
3.435752056564664e-05
3.43575206992532e-05
3.435752083286553e-05
3.435752003121221e-05
3.435752083286396e-05
3.435752056564458e-05
3.435307542873169e-05
3.425522722947473e-05
3.395608760674071e-05
3.344936108416299e-05
3.277048018195449e-05
3.196157962903941e-05
3.107001119091991e-05
3.013653564006609e-05
2.918632328200738e-05
2.822453433188558e-05
2.724452838403627e-05
2.62438042571389e-05
2.52464798214278e-05
2.431439118907813e-05
2.356854920192154e-05
2.315538055852345e-05
2.30438929876468e-05
)
;

boundaryField
{
    inlet
    {
        type            cyclic;
    }
    outlet
    {
        type            cyclic;
    }
    topWall
    {
        type            calculated;
        value           uniform 0;
    }
    bottomWall
    {
        type            calculated;
        value           uniform 0;
    }
    front
    {
        type            symmetry;
    }
    back
    {
        type            symmetry;
    }
}


// ************************************************************************* //
