/*--------------------------------*- C++ -*----------------------------------*\
| =========                 |                                                 |
| \\      /  F ield         | OpenFOAM: The Open Source CFD Toolbox           |
|  \\    /   O peration     | Version:  v1812                                 |
|   \\  /    A nd           | Web:      www.OpenFOAM.com                      |
|    \\/     M anipulation  |                                                 |
\*---------------------------------------------------------------------------*/
FoamFile
{
    version     2.0;
    format      ascii;
    class       volScalarField;
    location    "0.00000026";
    object      betaFieldInversion;
}
// * * * * * * * * * * * * * * * * * * * * * * * * * * * * * * * * * * * * * //

dimensions      [0 2 -2 0 0 0 0];


internalField   nonuniform List<scalar> 
3500
(
1.560761290338937e-08
2.275674589991899e-08
-1.818747965086073e-10
2.707795809600428e-08
6.86195678158401e-09
-1.007445002931783e-08
9.86144284627168e-09
-1.730894135298582e-08
7.97244863214781e-09
-2.450936867755464e-08
1.146610769641556e-08
-1.645852000666258e-08
-2.259995194687098e-08
-9.868120787601186e-09
2.786282575994422e-08
-5.056894261238643e-08
-6.51860483631597e-08
8.424879789262038e-09
-1.655023321113585e-07
1.304532672338238e-08
5.470358972429866e-08
-4.28004494894745e-09
-5.963095079063952e-08
-1.065921100625974e-08
-2.630522241829185e-08
3.732323790555403e-09
3.825673696448572e-08
1.91592136527721e-08
3.461965165450626e-08
-1.203192312727506e-08
-4.93078693273166e-09
3.069126875868391e-09
6.635941082546469e-09
-6.703227430175389e-09
-1.175301387452934e-08
4.448491262535115e-09
2.696643681191193e-09
1.612116013525793e-09
-2.303054809206962e-09
4.395283741623561e-09
6.926795319164738e-09
8.107796168006412e-10
-1.33123016015333e-08
-4.047313634495799e-11
8.59391771921424e-09
-4.931788585300343e-09
6.045868939524708e-09
2.801341560658481e-09
1.627367720746574e-09
1.289173491924162e-09
8.654535275515152e-09
7.024026740942364e-09
-9.701842845656414e-09
-8.849833111995722e-09
8.961103934463734e-09
7.463260648500664e-09
-5.570310394980875e-09
2.872706660939263e-09
-3.988889689355121e-09
2.115594659045866e-08
1.747451490671814e-08
2.512071062272576e-08
1.028284126687408e-08
7.809315648077408e-08
-3.685866989423654e-08
-4.381482345154601e-08
4.798315451525201e-08
1.457565937783517e-07
6.350677891082172e-08
1.231758184946892e-08
1.228192564114538e-07
1.742054496687418e-07
-2.653595611333896e-10
2.034754610374116e-07
5.401736689574474e-08
-6.791082562586947e-08
6.620212057535578e-08
-9.387335378948662e-08
4.879918856442231e-08
-1.584235915348248e-07
7.57006430686647e-08
-1.208149471036153e-07
-1.49739756786567e-07
-1.052026316963597e-07
2.79185234041581e-07
-2.947369291389493e-07
-2.645920244077585e-07
9.913163618230949e-08
-7.506701741874115e-07
1.269851568565698e-07
1.927844663918234e-07
2.712071281751664e-08
-4.013720334261824e-07
-7.767321995441098e-08
-1.405877965010124e-07
3.599556021409798e-08
1.870372098588283e-07
1.347332611239157e-07
1.240891770316738e-07
-6.955232592949367e-08
-2.83573652641649e-08
1.47330245041423e-08
4.384864446425028e-08
-3.983541291248477e-08
-7.666465097208689e-08
2.749822088773823e-08
2.341270456029435e-08
6.919445949141691e-09
-1.201189859343759e-08
2.428642440866375e-08
2.982072642536505e-08
5.536968102432542e-09
-5.849456551670732e-08
-6.981487501091909e-09
4.969549821906544e-08
-4.143801801842475e-08
3.895731855781319e-08
1.453421259795725e-08
8.58957990778875e-09
1.28264981602284e-09
6.613639102563099e-08
3.345831167017409e-08
-4.32026712852533e-08
-4.404398673135449e-08
5.291235024812445e-08
5.035527178374053e-08
-3.077149279131001e-08
1.683327849429732e-08
-2.458424066917465e-08
1.532717009967694e-07
1.52250976176755e-07
1.837175392914242e-07
8.963792048810325e-08
6.873609220948733e-07
-3.318083906177513e-07
-4.24794456116802e-07
5.028359650416058e-07
1.200741720802131e-06
1.265085842629402e-06
1.127635137020149e-07
1.202778955573268e-07
1.032937925528864e-06
1.016862429896708e-08
8.811164158262568e-07
3.326502602585577e-07
-3.358297501277509e-07
2.850921550672247e-07
-3.139722829183946e-07
1.570524038564045e-07
-6.776432221024392e-07
2.72356574416735e-07
-2.511150432867609e-07
-6.321459718847139e-07
-9.408959056093973e-07
2.189918663378291e-06
-1.298016801993609e-06
-7.669882844218354e-07
2.782521440818187e-07
-2.165332385201087e-06
1.296795800445667e-06
-1.467977272994728e-07
4.411376580113214e-07
-1.465088646710961e-06
-2.726069477567856e-07
-6.425831186367222e-07
3.447580489202816e-07
4.721158198131912e-07
7.356657622009266e-07
3.183314054739535e-07
-3.030349347796366e-07
-1.048930156893462e-07
5.657308496947734e-08
2.050771448125408e-07
-1.850387405339263e-07
-4.341345256445633e-07
1.099856341558125e-07
1.381783765096944e-07
-3.324820434225489e-08
2.011778076208013e-08
5.991483835791378e-08
7.779484281674796e-08
2.180959902870455e-08
-1.58909256987112e-07
-7.889536625015847e-08
2.073475099923327e-07
-2.988800210443166e-07
1.698272976785171e-07
4.236515152614798e-08
2.512365875827426e-08
-3.154761299985234e-08
3.700659259948422e-07
9.607502844755785e-08
-1.150017862208393e-07
-1.480386910643515e-07
2.289160095130834e-07
2.223537812820263e-07
-1.110491915487752e-07
6.008041199129088e-08
-1.038347334822578e-07
7.842705175133318e-07
8.028357793604446e-07
7.288249865393005e-07
7.061679690030572e-07
2.68704822236199e-06
-4.705659089497503e-07
-1.725420772303817e-06
2.663728845783402e-06
4.289998038371988e-06
6.909909143434081e-06
4.885552466285537e-07
9.652713592858061e-07
3.819533250473668e-06
2.304257446252909e-07
1.286259829685462e-06
1.189095542794504e-06
-9.061688810714583e-07
4.90429906081974e-07
-8.180930315312206e-07
7.052454379591004e-07
-1.853208113514183e-06
8.867765640179571e-07
1.172234168187588e-06
-1.712357607153995e-06
-1.462024420665678e-06
6.189480517374035e-06
-3.53826270665063e-06
-2.764552053176652e-06
-1.539201891695025e-06
-4.806058432170164e-06
5.012906270987131e-06
-1.921256010376452e-06
6.494452120818252e-07
-1.928598934331969e-06
-1.534656510206042e-07
-1.742445588936474e-06
2.380557274392781e-06
1.495817773932097e-07
2.305246909365137e-06
8.054768148585292e-07
-8.126564635172704e-07
-5.505353283146618e-07
1.699261801011422e-07
3.573535363077145e-07
-5.931476064756368e-07
-1.827379004249132e-06
2.299963117775401e-07
4.402978662813215e-07
5.034327713039686e-08
1.626231039720104e-06
2.097999579635787e-08
1.77937671793922e-07
9.571932149002235e-08
-4.777612460842342e-07
-5.536176444591534e-07
4.226739186138526e-07
-8.100736117137142e-07
6.42602369221072e-07
1.496748057110997e-07
5.152692832288931e-08
-9.023671545084515e-09
1.432444389071091e-06
2.580764996616473e-07
-2.891665662218276e-07
-4.1887564192934e-07
6.713706540532237e-07
7.932852366007238e-07
-3.401901743279677e-07
1.837201218886161e-07
-1.028523345433129e-07
2.583409179340613e-06
2.386629549816327e-06
9.69959618037217e-07
3.778868330811523e-06
2.187528741109112e-06
4.165232967940535e-06
-1.449792483881434e-06
5.228907007324602e-06
6.177659956476355e-06
6.964994388670567e-06
1.030673554902573e-06
5.911212083735318e-06
-3.151890589480612e-06
2.117866361236602e-06
-1.509044013367095e-06
1.903872988166664e-06
-5.553673916436723e-07
-7.514623476392236e-07
-1.418338276452915e-06
3.476631459682343e-06
-1.490067667802398e-06
3.002770717497929e-06
1.873463243479595e-06
-2.23769375923046e-06
5.993617808682784e-06
9.818370754546306e-06
-4.923869559363759e-06
-5.747770054213326e-06
-4.242106751431212e-06
-6.906316350447552e-06
5.349973964851081e-06
-3.558075208427976e-06
-2.580407218635828e-06
-1.490538125758208e-06
3.8786044622801e-08
-1.722953678672328e-07
4.201720689938173e-06
-3.265179188822604e-06
2.772023658159234e-06
1.251059735701123e-06
-8.455520615016365e-07
-1.687767312775371e-06
-2.654301617089349e-07
-5.256283307691369e-07
-7.71485635618301e-07
-2.620916465268122e-06
4.598825710986156e-08
7.353400944811068e-07
2.026795809665335e-06
5.394216641712248e-06
2.014688838025952e-07
3.600906046020902e-07
4.015982823676044e-07
-1.758064059475819e-06
-1.89904206568205e-06
-8.454095418237927e-07
2.967580141885122e-06
2.188817939464049e-06
6.739935204203679e-07
-5.330746974577577e-08
1.432796781492105e-06
3.370998136987551e-06
7.009363613350392e-07
-8.012459924494227e-07
-8.694981289560696e-07
9.249270087797784e-07
1.998939459721588e-06
-5.722813296294648e-07
2.258287936868115e-07
1.413795715381335e-06
3.982758836650523e-06
5.327103903628875e-06
-1.331297493708822e-06
8.419236119063411e-06
-5.077157937443131e-07
7.443084300424914e-06
1.608659674569503e-06
5.374583202980337e-06
2.141602010864206e-06
-7.06735062918151e-07
2.294597675773255e-06
1.509793376245222e-06
-7.733010251810763e-06
7.799967887119931e-06
-2.113314126554034e-06
1.950358845313644e-06
1.23929734827934e-07
-3.056779821592375e-06
-2.039926546359877e-06
6.389922994378749e-06
2.11183494095096e-06
6.55177255459567e-06
9.895467420757651e-07
-1.176332939249397e-06
8.737304808653574e-06
7.074557724145259e-06
-5.131866927546393e-06
-6.394757327690148e-06
-5.203865921896849e-06
-5.677427013151909e-06
-8.742709235798703e-07
-3.850100174990864e-06
-2.440953828096363e-06
-1.773927560875918e-06
1.477346180358453e-06
1.413240270885571e-06
-4.470937631533942e-07
-6.56517080723e-06
1.537128286915856e-07
-9.958893415124376e-08
-8.326430839537072e-07
-1.681145349464349e-06
-2.057586725379715e-06
-4.500520302708736e-07
-7.720886140230239e-07
1.53216326847602e-06
9.491284106572381e-07
1.702303701920338e-06
4.594464662920893e-06
5.055928579572462e-06
3.688289070411832e-06
5.587428124595599e-08
-3.5256611839683e-08
-4.031104177154403e-06
-1.572841220909404e-06
-4.360329570589574e-06
7.6661508242968e-06
4.859438824401632e-06
1.699805293704695e-06
-3.847508012328893e-07
4.638172785711431e-06
5.176750154107303e-06
1.551127156044906e-06
-2.287550459552122e-06
-1.658006281990613e-06
1.499705399737022e-06
3.163127651326063e-06
8.06740105528984e-07
-1.560675396598857e-07
5.024533130894152e-06
3.088642654264163e-06
5.497428046871611e-06
-5.012151589571391e-06
9.06032367973012e-06
4.19759938328504e-07
7.464959322464117e-06
3.928261473456243e-06
3.381411113047559e-06
-1.350052200954473e-06
-4.672719960599811e-06
8.372028058463524e-06
-2.574162646035631e-06
1.081802282791284e-06
9.966541002337967e-06
2.580401516513846e-06
1.356438385306265e-06
-9.787844468123259e-07
-3.703524161109803e-06
-2.590491035857236e-06
4.524714557643959e-06
3.606954612245971e-06
7.745119267789148e-06
5.776018744399844e-07
1.441662481992673e-07
4.14015383707686e-06
8.75015916253368e-06
2.497207337978138e-06
-7.251714699540735e-06
4.446846101865955e-06
-4.099952060979268e-06
-9.859550520748161e-07
5.873403615459065e-07
4.912789691859424e-06
-3.466045588423288e-06
2.039018153250861e-06
6.888835751604036e-07
-7.197053157038274e-07
-3.618101578233698e-06
-1.507122892235418e-06
-1.801138694804779e-06
-2.988072028604468e-06
-1.759365190915318e-06
-2.340620591153218e-06
-1.473762813062063e-06
2.902820766449291e-07
4.566896543997621e-06
4.081810954682734e-06
-8.748577715216352e-07
5.988246586505955e-06
6.273387273165951e-06
9.120843069267974e-06
-3.302768053114853e-06
-4.389998359162474e-06
-6.376704869862451e-07
2.995985013607079e-06
-1.916672307815621e-06
7.387830910446061e-06
6.036559936766206e-06
2.483540591894803e-06
8.656060063846557e-07
3.791668009370137e-06
6.94731898832941e-06
4.945929631680879e-07
-5.107653018067526e-06
-3.181032090114409e-06
1.479726810056759e-06
4.892768374400309e-06
4.885170307128331e-06
9.222916606220364e-07
6.931392844062639e-06
-6.074140183888153e-08
-6.109357084039315e-07
-2.615133546618853e-06
6.951774635965588e-06
4.162900565974569e-06
1.385660681905089e-06
8.743333985886938e-07
-3.041233843568542e-06
8.576167218469464e-07
-5.019760518026214e-06
8.634808503156306e-06
3.34867658125562e-06
7.49328608256207e-06
8.770971098350114e-06
3.833860385277962e-06
2.774768443462944e-07
-2.823862418130468e-06
-8.040504086444743e-07
-2.217738402554332e-06
-4.329643654600826e-07
3.713500741529867e-06
4.382934748336921e-06
1.876341126957032e-06
1.268214173910651e-06
-1.263777417011806e-06
6.383150388501922e-07
-5.92368477917709e-06
3.151453736851479e-06
6.79261113456328e-06
9.086676020068863e-07
3.4754963667082e-06
-3.934555858134385e-08
3.64182804693969e-06
-2.78279400827606e-06
1.004120055113162e-06
-2.191249714722356e-07
-5.1683930865932e-07
1.689935433551229e-06
5.969622720612782e-06
-8.288963867406436e-07
-3.70640111560097e-06
-8.346914810589054e-07
-3.812056252283127e-07
-4.585741834080967e-06
1.221152742344407e-06
6.000359991034245e-06
6.639620810344223e-06
-2.99849404761897e-06
5.935930231437588e-06
9.78915132001714e-06
6.995835250338751e-06
-8.052933463297233e-06
-6.875225394138101e-06
2.109711157939484e-06
4.288328175504787e-06
2.734864954800038e-06
5.630684701467336e-06
4.128365517312233e-06
1.216893970661905e-06
1.202108567616898e-06
4.513932678969211e-06
5.768435627773203e-06
-3.1373894043339e-06
-5.700838092290356e-06
-5.085224199383418e-06
3.062970011299821e-07
5.572080814175895e-06
5.414286105085525e-06
3.829228617954819e-06
4.96716541043227e-06
-2.481168880674885e-06
-3.340693714026749e-06
4.390800433922789e-07
8.729236904523951e-07
1.113172377110436e-06
-3.291459255962336e-06
-4.422329585779529e-06
-2.753185441202817e-06
1.952603975907125e-06
2.339486137260113e-06
-1.549396455188624e-06
5.246260490170923e-06
5.779483210620993e-06
3.264657984251781e-06
3.262724581517049e-06
-1.132366119353968e-06
-1.918598312213572e-06
1.249637636254669e-06
-3.087748318447023e-07
-4.535606610865289e-06
4.398107479760614e-06
-2.519508345069075e-06
1.057347362295643e-06
2.094095723691698e-06
-9.439424412039443e-07
-5.779322909388784e-06
-4.523792251213317e-06
3.761728716234174e-06
5.47917341086936e-06
4.639017953641882e-06
7.546754123764738e-07
2.506800586282691e-06
-4.731836103066271e-07
-2.128811396011503e-07
8.093791477728939e-07
-9.492637982995525e-07
7.932018789323162e-07
5.858137415434973e-06
-9.943131393232203e-06
1.338186018484371e-06
-2.21212657818446e-06
-7.183825008538046e-07
-9.927096549429295e-07
-3.832984535821192e-06
2.740549819892765e-06
4.32157391122208e-06
2.028846706832033e-06
-3.779763220556625e-06
4.540279049080421e-06
4.107549775191129e-06
-1.561449202034458e-06
-6.550914728333579e-06
-9.106826069278063e-07
-9.687206858061233e-07
2.842450505022234e-06
6.022959030916772e-06
4.51554067879104e-06
-3.870867137508367e-07
-1.539741954271953e-06
2.855068645042973e-06
4.53273025288294e-06
-1.536504646063741e-06
-3.842562694833984e-08
-3.808010668695109e-06
-1.331273495849379e-06
-8.14933843201893e-07
4.291582088186977e-06
3.381696388934073e-06
3.007518647443114e-06
3.854251286637437e-08
-2.402308678347693e-06
3.376391374902699e-07
2.037385696475286e-06
-3.923500837271011e-06
-7.456055450072066e-07
-1.500536652092545e-06
-2.505065240685475e-06
-1.595363167292055e-06
4.875451008008198e-07
1.259676332978674e-06
-3.242369526689661e-06
2.888254705568182e-06
-3.121190635401499e-06
-5.142310969896889e-06
3.400941268210421e-07
-2.170133103875152e-06
-1.085448601383465e-06
1.547403261789701e-06
2.008538381858211e-06
-4.991027532229136e-06
3.146420142509077e-06
-4.418931993128629e-06
-7.606448589041597e-07
1.59601293870419e-06
2.089403390019796e-07
-5.24241838781945e-06
-3.982060470821924e-06
1.903439601999049e-06
4.311589431767843e-07
5.555280118429405e-06
-5.59747834685444e-07
3.17880227956343e-06
-2.363783377967556e-06
4.368973022195732e-07
8.409755271982391e-07
-1.109495925807928e-06
1.169928947759602e-06
4.861812393497794e-06
1.093648216559583e-06
6.082321604151197e-07
3.163977580595646e-07
-2.006452803541438e-07
-9.053861380683985e-07
1.442318500379981e-08
1.644402365361569e-06
2.458995957053228e-07
-2.067914958617658e-06
-6.733596492827458e-07
2.991690057432188e-06
-2.251974271952518e-06
-4.049809630748787e-06
3.66673800156129e-06
1.313536026670752e-06
-1.597645392420484e-06
2.406367078471287e-06
5.869259369244989e-06
3.10051843174148e-06
-3.327361422647061e-06
-2.646830414270485e-06
3.052866551615444e-06
2.925143227197608e-06
-3.720675523216887e-06
1.205542783281803e-06
1.367991988100125e-06
1.40666741736501e-06
-9.307337071477637e-07
3.100137357884175e-06
8.898694027420972e-07
-2.03195010377525e-08
-2.7224932259594e-06
-1.464777663640768e-06
1.932257867687971e-06
1.837538046473078e-06
-4.903353158459421e-06
-7.512190106959838e-07
-5.447989031177582e-07
-1.616231989119231e-06
-1.309591986915234e-06
-6.22339124368241e-07
1.006098114763639e-06
-8.816296933299836e-07
5.293268767911858e-07
-4.868859234929969e-06
-5.035456441921249e-06
-2.447886063189548e-06
-3.239360993289865e-06
-6.041563864844216e-07
1.263845501411673e-06
1.942209002010809e-06
-3.626145485610952e-06
1.981864323630584e-06
-3.393764069942774e-06
-1.141429593327765e-06
9.392838731336292e-07
3.449235839275783e-07
-3.375553284949018e-06
-3.000206070966906e-06
5.623280040893687e-07
-2.853564049213745e-06
4.805958137045903e-06
-8.393916688818702e-07
3.148267464528729e-06
-2.612753626688385e-06
4.281162402446284e-07
6.505241567673832e-07
-8.038081147911275e-07
1.21853693806326e-06
3.604740944985426e-06
-2.256675749874312e-06
-9.435191425808133e-08
1.255604072398577e-06
6.187235241068588e-08
-3.197570917217672e-07
1.929950396181921e-06
1.381800596097495e-06
-2.254547958182368e-06
-3.506638792260528e-06
1.135315564943865e-06
1.2640348337927e-06
-4.364120050866706e-06
-5.438414521848209e-06
5.587251664827305e-06
1.619197676505464e-06
-1.159090996452512e-06
2.076125190009391e-06
3.55475914698393e-06
-2.888542140955156e-06
-5.422148190615412e-06
-1.928018433537702e-06
1.981292526204823e-06
-9.108675191031971e-08
-3.883267790308486e-06
1.622000404045484e-06
2.682823590565851e-06
2.278798814960665e-06
1.022721584168838e-07
1.449570243527203e-06
-1.275916745777731e-06
-1.688618956862347e-06
-3.156059749767111e-06
-2.770857686075926e-07
2.044763916779162e-06
1.066640085075634e-06
-4.541648980823217e-06
-4.310334900229051e-07
-4.481378017358704e-07
-1.241697705722694e-06
-1.121154454811532e-06
-7.574539674647753e-07
1.051997185363062e-06
8.607147695831945e-08
-4.594158814631641e-07
-3.883748223788317e-06
-4.046869767434565e-06
-3.632324896338137e-06
-3.326831284361971e-06
-8.787749326133168e-08
1.042125522077714e-06
6.857664918025599e-07
-2.768726494436422e-06
1.021550206180837e-06
-2.081712251537573e-06
-8.788752658963633e-07
5.380739301750668e-07
3.045744971658293e-07
-1.752369005574662e-06
-2.16703460297609e-06
-1.513574960690806e-07
-3.302635160774202e-06
3.263736989469861e-06
-8.329531167397921e-07
2.830512729423847e-06
-2.256890081027215e-06
2.734031739474327e-07
2.734579899062467e-07
-3.676347603287256e-07
1.151813791958521e-06
2.321130869480184e-06
-2.985654513064303e-06
-6.303311883444316e-07
1.492557654903012e-06
2.207078856151074e-07
4.432903492994439e-07
2.530854567518824e-06
1.419284847623048e-06
-3.016308743865643e-06
-3.250844301060602e-06
1.889591900443209e-06
-3.044487352078219e-07
-3.447926727924286e-06
-3.360140481708355e-06
4.931354697675643e-06
1.266045453956705e-06
-4.218960423509032e-07
1.510663191668177e-06
1.107391813794636e-06
-2.647117269689018e-06
-3.004457636409412e-06
-7.063935019101408e-07
6.095545326558902e-07
-1.639086069185595e-06
-4.958542214073224e-06
1.507758032947353e-06
2.677586218988135e-06
2.053934463816301e-06
1.051581295365357e-06
-3.7505889212272e-07
-2.531268620234108e-06
-2.101765470335267e-06
-2.411800716636186e-06
6.783496943895108e-07
1.42882371574333e-06
3.605753364666138e-07
-3.595368020695992e-06
-2.481397696865171e-07
-7.101987188428426e-07
-9.952999911353246e-07
-8.169670544321186e-07
-4.705831622362837e-07
1.011482513768029e-06
2.219157634519443e-07
-6.723593903427684e-07
-2.462388415640421e-06
-2.498695918334667e-06
-2.729264603717765e-06
-1.765188030007315e-06
6.022021583702578e-07
8.594083473750163e-07
-4.081424113273842e-07
-2.398685022727411e-06
1.004367785572444e-07
-1.198096196386203e-06
-5.288856001813567e-07
2.949557155066429e-07
2.092096818809848e-07
-5.514307687795105e-07
-1.492376236107157e-06
-5.678333089912849e-07
-2.471948874279923e-06
1.528866547841606e-06
-7.612324591142816e-07
2.339326213388206e-06
-1.708839387324734e-06
1.45559785273674e-07
-1.890370560869998e-07
6.71547608254734e-08
1.001293820488439e-06
1.053888763548223e-06
-3.030066659982404e-06
-8.104034146219818e-07
1.401340877492821e-06
4.062984281306177e-07
1.209746624845484e-06
2.429356569154875e-06
9.961385779500499e-07
-2.936224770294699e-06
-2.320370522821473e-06
1.959672646086819e-06
-1.532082497087407e-06
-2.393384229631754e-06
-1.5029481546393e-06
3.828201636612496e-06
8.787526020739472e-07
2.244825631414191e-07
8.219022233996215e-07
-6.509241013113315e-07
-2.054873884314178e-06
-1.685214399157715e-06
7.868733270952245e-08
-4.206064482875601e-07
-1.79760071489566e-06
-3.048511294701639e-06
1.214904865842782e-06
2.138865246773075e-06
1.547432931387889e-06
8.761545618154479e-07
-1.253567963421457e-06
-2.372823493025302e-06
-1.893321741447299e-06
-1.284034410896791e-06
1.145081904567493e-06
4.946504900269586e-07
2.129220704365194e-08
-2.425427814433569e-06
-2.70409784809022e-07
-1.0208961141969e-06
-7.283885641854171e-07
-4.030007189072512e-07
-1.00429902923959e-07
8.653051521858713e-07
9.879252074360242e-08
-5.726803709439978e-07
-1.236732034590372e-06
-9.567471372389714e-07
-3.765567916901344e-07
6.986072273521223e-07
1.286797570874594e-06
7.368908189568255e-07
-8.536755805821795e-07
-1.809506148831011e-06
-6.921748396937338e-07
-7.134042794102166e-07
-2.398569707115655e-07
1.247598009425906e-07
7.72998626776294e-08
2.553058826502503e-07
-9.257290260442173e-07
-7.742438239295567e-07
-1.30948616829043e-06
1.011792093340663e-07
-6.417825668444029e-07
1.783521945526463e-06
-1.204629164256048e-06
8.231150887851715e-08
-6.688819974429289e-07
4.863839814714376e-07
7.182633393468889e-07
-1.385675931753309e-07
-2.745850444406005e-06
-6.288540349024988e-07
1.151871729267648e-06
6.73694375271879e-07
1.803267439989637e-06
1.907304100245368e-06
2.48779821470896e-07
-2.437186461348532e-06
-1.126300385224052e-06
1.521634709470952e-06
-2.185059374231061e-06
-1.499295958653802e-06
-1.37368361755705e-07
2.590635825491797e-06
6.495187917511747e-07
5.995306869957005e-07
1.474435236480693e-07
-1.664262220745261e-06
-1.518398703981814e-06
-5.688486882730707e-07
4.059720654919724e-07
-1.081919483302949e-06
-1.763881075943746e-06
-1.234868176914491e-06
8.807792690585115e-07
1.441602573442853e-06
9.922046039862528e-07
4.249261447849628e-07
-1.55792784177846e-06
-1.910976459109086e-06
-1.321311965839815e-06
-1.911332454242788e-07
1.075099146651715e-06
-3.922563366831034e-07
8.414189215477999e-08
-1.327249080887889e-06
-4.563651833474938e-07
-1.212773786348477e-06
-3.866172535205203e-07
6.468134733798333e-08
1.938643144121426e-07
6.553513336868871e-07
-4.759172403592699e-08
-3.480201426162473e-07
-3.28922039738767e-07
1.598473934441464e-07
1.08507166976197e-06
2.237279425152164e-06
1.604748780078687e-06
4.783750689635592e-07
-8.392016813921324e-07
-9.971375345746313e-07
-1.113383039293778e-06
-4.672822029044232e-07
-4.084895504029825e-08
8.959452822630821e-09
-4.967372086054082e-08
7.159856014865702e-07
-4.61462950833961e-07
-7.650120531824402e-07
-3.257650699875331e-07
-7.766116976030442e-07
-4.482515264785665e-07
1.229366571969321e-06
-8.148023133721644e-07
3.838609549617669e-08
-1.061995573850627e-06
8.124090986144076e-07
2.885235136826617e-07
-1.125708090320504e-06
-2.14964283295956e-06
-2.027908608790391e-07
8.713199428304129e-07
9.679708528562809e-07
2.080121339510984e-06
1.074975712772974e-06
-3.497407105242446e-07
-1.718463878266355e-06
-9.462355382453142e-08
7.498216198411386e-07
-2.27521941493897e-06
-6.576892985950915e-07
6.281629085124901e-07
1.436118855027751e-06
5.480615062523589e-07
6.63187304399933e-07
-4.301239811480501e-07
-1.917401887749141e-06
-9.199704702904896e-07
1.881902510763373e-07
3.950419925413129e-07
-1.353222781775913e-06
-1.343591292877802e-06
4.837994642877731e-08
5.475310053483373e-07
8.366597452244583e-07
4.679575766725392e-07
3.632819761154245e-08
-1.588481584285955e-06
-1.419387229811825e-06
-5.258155146760179e-07
5.230893762539445e-07
6.186103825377721e-07
-9.241085633424577e-07
4.09741069290893e-07
-5.73731354021092e-07
-7.164440323670834e-07
-1.209267129648401e-06
2.144381165964845e-08
5.001695644100337e-07
3.687786981875844e-07
4.240005603062865e-07
-1.369229898289207e-07
-1.127493422110114e-07
1.913716367411712e-07
6.134115385309496e-07
1.330529098447508e-06
2.096683499501124e-06
1.261331937023403e-06
-7.608739029232508e-08
-7.518374734046144e-07
-7.984543238523672e-08
-1.139526080333738e-06
-3.238890874851254e-07
1.122959993710843e-07
-4.790904151457413e-08
-1.582306701968489e-07
1.063185845884996e-06
-1.403750146925464e-07
-7.033308199702852e-07
3.147010007524076e-07
-1.075150991672699e-06
-1.870628256777376e-07
7.24161414106222e-07
-5.278489482074906e-07
-1.693007958522774e-08
-1.246944022012342e-06
9.228236890496044e-07
-2.162179063701184e-07
-1.674680592655754e-06
-1.260988775233578e-06
2.600170263018517e-07
6.501242513334628e-07
1.161626235642395e-06
1.931133845429759e-06
1.84822163273277e-07
-6.340466750074967e-07
-9.343736873571062e-07
4.753157165469287e-07
-5.050696976367743e-08
-1.916137857348653e-06
2.579190609143538e-08
8.180060243225753e-07
5.54492272907374e-07
4.533678422996634e-07
4.874395515769292e-07
-7.668181230436001e-07
-1.684332846989895e-06
-3.589759763875455e-07
5.418515578929677e-07
2.732122020642766e-07
-1.252394444075182e-06
-7.256532304305328e-07
6.606685760768255e-07
2.904782780074792e-07
4.190477167230021e-07
1.013049967229725e-07
-2.642531110207625e-07
-1.320926673070566e-06
-8.027677000759488e-07
2.190920190886303e-07
7.271769204639377e-07
3.827179408081849e-08
-1.004628205666578e-06
7.708826796048223e-07
-2.550439914048817e-07
-9.513902041278939e-07
-1.015540661770654e-06
4.367139996239563e-07
8.15145863125437e-07
4.327997888903446e-07
2.024093499994939e-07
-1.619000813213587e-07
6.47776054218341e-08
4.144743476641399e-07
6.743586237482821e-07
1.085313358695752e-06
1.291344692167627e-06
6.428131551784616e-07
-4.448483522219473e-07
-2.47733994972981e-07
1.119190988436205e-06
-1.139003784228523e-06
-2.96324901545608e-07
2.566020175030737e-07
-6.25278847995474e-08
-2.43130695963038e-07
1.317809217349187e-06
1.148770993420328e-07
-6.706587764061168e-07
6.690968529085285e-07
-1.113540859305335e-06
4.932641247414579e-08
3.587612845995253e-07
-2.981252953498424e-07
-8.492471383886403e-08
-1.180599666065123e-06
7.40024133183294e-07
-6.199619157681156e-07
-1.554353092990168e-06
-2.841539626912562e-07
5.743384826059022e-07
5.129566201340284e-07
1.106000187499399e-06
1.380767385016245e-06
-4.500940696790889e-07
-6.440825395876063e-07
-2.483867480192686e-07
5.70470227738031e-07
-5.208802496270098e-07
-1.282530545871131e-06
3.928812856030881e-07
6.100965093532454e-07
1.758141162435896e-08
2.973058385106939e-07
2.222014355567015e-07
-8.027502885828968e-07
-1.232299266814574e-06
7.425854473042877e-08
5.76104462548302e-07
1.84077392834062e-07
-8.913898569208207e-07
-1.720146493919072e-07
7.799125918065578e-07
1.346509943268066e-07
1.59593780135746e-07
-8.929528765315648e-08
-4.118337084715318e-07
-8.439625556585096e-07
-1.610819156561199e-07
6.451540502937382e-07
5.208917426819331e-07
-4.066991532230858e-07
-7.290520692531352e-07
9.592119426179524e-07
-2.823394988727794e-07
-1.059192527461502e-06
-6.475318060713923e-07
8.064631095498633e-07
9.674203530057557e-07
3.934174778609663e-07
1.209407971730471e-08
-1.411102716017116e-07
1.760664303650408e-07
4.717778995314612e-07
6.180346011592039e-07
8.440505751526187e-07
8.892735770490365e-07
5.359199853049326e-07
1.081472895951022e-07
1.007846337401844e-06
2.418766973100627e-06
-8.473138400734678e-07
-2.466767040454077e-07
3.68492006640853e-07
-3.94157153257472e-08
-2.78219395939178e-07
1.436171509661591e-06
3.025203610317035e-07
-5.766660596375106e-07
8.184264340977169e-07
-1.044045173939066e-06
2.408214353448474e-07
1.545514006549629e-07
-1.759912558110565e-07
-2.251270094977944e-07
-1.110793417549994e-06
4.030316048754591e-07
-7.562341805256615e-07
-9.243236872222418e-07
5.732285249644109e-07
7.810563639050219e-07
4.440163530166837e-07
7.968244456577209e-07
6.683757359460155e-07
-6.894658702167632e-07
-4.547258876325507e-07
1.360955501681554e-07
4.12610459121708e-07
-5.247741302503346e-07
-6.188355082195167e-07
4.448096483474328e-07
2.843685259128914e-07
-1.926187481894565e-07
1.230790429362651e-07
1.585192006564179e-08
-6.298396153512082e-07
-7.254671183279404e-07
2.515065907379428e-07
4.632207191914277e-07
1.517484701655649e-07
-4.544342214895249e-07
1.727603000644255e-07
6.764240668605898e-07
7.317315403564261e-08
1.18497968473586e-08
-1.681079210045294e-07
-3.546819404742839e-07
-3.517256363006206e-07
2.626535509023726e-07
6.535478305531385e-07
1.370538441666577e-07
-5.696970038655052e-07
-3.185041114086327e-07
8.681774477406285e-07
-4.598352172748589e-07
-9.457941885078781e-07
-1.447883664859211e-07
1.072917363225098e-06
9.551206509619623e-07
2.698763842851969e-07
-1.256832551641505e-07
-8.982122646901368e-08
2.478769528374829e-07
4.676487015321126e-07
5.722782173346376e-07
7.323293848351823e-07
8.587934252881876e-07
9.173012833726016e-07
1.158898547572795e-06
2.197686008797706e-06
3.002888857239025e-06
-2.281700706511955e-07
-5.285059759980307e-08
3.890752673632656e-07
1.696072538708373e-08
-2.221516332233967e-07
1.397555194544383e-06
3.573534172256587e-07
-3.73282009614497e-07
7.904146393132462e-07
-7.353768810738065e-07
3.66240989312044e-07
4.320285321416417e-08
-1.895115746866324e-07
-4.560184496339096e-07
-1.025034595363167e-06
1.496456854430309e-07
-5.554950824111287e-07
-4.93944613115356e-08
1.258120196836542e-06
9.954728704911314e-07
3.959626209604509e-07
4.317399486858537e-07
7.828022853310082e-08
-6.917582115215565e-07
-2.462834665724037e-07
2.81424083030124e-07
2.649617561190289e-07
-3.174836498523773e-07
-1.576725474689242e-07
3.73059716882828e-07
1.226064029648169e-07
-1.841893996727828e-07
-1.817081067975862e-08
-1.043510835173896e-07
-4.225102415753547e-07
-3.499257513447029e-07
2.612184217097152e-07
3.563651971610505e-07
1.843300629282042e-07
-7.6458747251953e-08
3.506234998324676e-07
5.453709138698254e-07
7.373995749712916e-08
-3.778459198315431e-08
-1.611084870935908e-07
-1.760834926375575e-07
-3.466552315265106e-09
3.615014475042893e-07
3.724089725752218e-07
-1.792249054869659e-07
-4.783958157136872e-07
-3.670421917292281e-09
5.602582021239327e-07
-5.426873904287698e-07
-5.714825550417354e-07
3.785380570397235e-07
1.175677708745621e-06
8.050427544967016e-07
1.101464727412742e-07
-1.828735930633355e-07
-1.253462138217586e-08
3.069490196197434e-07
4.744957705585151e-07
5.542883563113314e-07
6.794992376297898e-07
8.598323408844894e-07
1.108917123244555e-06
1.53891814439223e-06
2.231691609778932e-06
2.495474988906484e-06
2.674500661233357e-07
2.505597210470467e-07
3.446712485987997e-07
1.036076875367957e-07
1.005976451618418e-09
1.098930170006905e-06
3.15296813444893e-07
-2.930895902021046e-08
7.037034274945726e-07
-2.403433933575656e-07
4.542714158021149e-07
4.582028948266517e-09
-2.236593482187312e-07
-5.144037482442321e-07
-6.634506987537588e-07
2.583641298849095e-07
1.47329641333416e-07
9.124143407606712e-07
1.610458432619838e-06
9.684793764397885e-07
2.29494524147074e-07
1.069898330228769e-08
-3.184251627597182e-07
-5.595921074387687e-07
-4.706793550195956e-08
3.324256922799307e-07
2.36756087264458e-07
-5.933971029629291e-08
1.029938720100723e-07
2.884065591067019e-07
4.822088325711523e-08
-1.629848030161858e-07
-1.175314754765237e-07
-1.512619854075145e-07
-2.330643612869023e-07
-8.372602524407953e-08
2.943212512405716e-07
3.675041491350116e-07
2.954565736613454e-07
2.125642556291024e-07
4.344631148966751e-07
4.383878214224722e-07
9.620144030589378e-08
-2.184747673430035e-08
-8.120653325633686e-08
-1.418981145623985e-08
1.322823378073627e-07
2.403212861553315e-07
6.733437604770699e-08
-2.87947129183794e-07
-2.752274285312567e-07
1.263939030715724e-07
2.614454091916214e-07
-3.689747209276942e-07
-3.084276300632345e-08
7.563881926587687e-07
1.096744556316019e-06
5.70881300917168e-07
-2.95385326191481e-08
-1.48563458295179e-07
8.597765560826183e-08
3.979999795394432e-07
5.003416287671041e-07
5.427558774717115e-07
6.200362417938591e-07
7.595835267392471e-07
9.63608678150953e-07
1.240112256409217e-06
1.514211151234197e-06
1.515986684947816e-06
5.550241689137114e-07
5.006852457724266e-07
3.725996824351606e-07
2.520116895687993e-07
2.284595188344356e-07
7.65877632694234e-07
3.755528929021667e-07
4.111924911432538e-07
8.051179557009788e-07
3.439348228561575e-07
6.275198574912056e-07
1.953579138486366e-07
3.314435169519944e-08
-6.520983364077954e-08
1.351607037648569e-07
8.269957208033782e-07
9.978408604079486e-07
1.436300939584374e-06
1.394841115049531e-06
5.81553313398291e-07
-8.886532685328451e-08
-3.19162645106509e-07
-4.092307226145221e-07
-2.700726666547982e-07
1.798830823479797e-07
4.156061951977591e-07
3.403382597535813e-07
1.931268480905748e-07
2.252278265947218e-07
1.930959403884245e-07
-9.30819627480092e-09
-1.453646097600067e-07
-1.255324965027683e-07
-8.075884890229543e-08
-1.182446169569168e-08
1.653807817794866e-07
4.004296650098965e-07
4.615190131753824e-07
4.291960904422873e-07
3.873797095781326e-07
4.321832265183891e-07
3.359049008322975e-07
1.022738880068443e-07
4.95937319465636e-09
-1.85616542201199e-08
3.768812423741935e-08
9.399181448368897e-08
7.071092024702194e-08
-7.448655660931249e-08
-1.928140259376903e-07
-5.443182911904365e-08
1.866676947199757e-07
1.978299057028227e-07
3.437926724386894e-08
4.661934187408731e-07
8.952494986627339e-07
8.519971579380136e-07
3.165065426950315e-07
-7.488763593665315e-08
-7.442622269736806e-09
2.332034838896197e-07
4.949386848751836e-07
5.303485974515332e-07
5.343098869475166e-07
5.659046094375846e-07
6.504748435217395e-07
7.74704565898359e-07
9.15414614361372e-07
1.018808789345278e-06
1.008579996844994e-06
7.704249114722148e-07
7.122778709017919e-07
5.991755026309517e-07
5.442118704309548e-07
5.517704810483269e-07
7.777180300205142e-07
7.321610579925657e-07
9.408114843286863e-07
1.11587598406047e-06
9.465501807242502e-07
1.014822291226753e-06
7.711258545468809e-07
7.740892816061087e-07
8.387759546817154e-07
1.076847670248893e-06
1.355673617201253e-06
1.31210220791231e-06
1.180589300832373e-06
6.904383095636268e-07
1.967034503454004e-08
-3.59670800161005e-07
-3.788944414951215e-07
-2.017484607459281e-07
1.103599248347518e-07
4.44569028018826e-07
5.792297439268572e-07
5.235753573933444e-07
4.076055684575015e-07
3.211574592641529e-07
1.989943219823509e-07
5.059313094541986e-08
-2.255815501841116e-08
1.30411048578338e-08
1.045838616513684e-07
2.230802073912278e-07
3.670363471386498e-07
4.92536576059114e-07
5.190995751019851e-07
4.762043605175416e-07
4.125118495866136e-07
3.577121360503714e-07
2.390837749700541e-07
8.533685052926787e-08
8.957512926137103e-09
-1.127143994973371e-08
6.262134580886955e-09
1.693110025427654e-08
2.373411544361954e-09
-1.853656905461545e-08
3.071253899338386e-08
1.906464794031045e-07
3.418277020367769e-07
3.979548689448882e-07
4.694474830146424e-07
7.306738705964117e-07
7.993571109092632e-07
5.590642487849202e-07
1.76615713197951e-07
4.758168750522785e-08
2.21563839984823e-07
4.037531768111759e-07
5.629559638850857e-07
5.582184698368096e-07
5.379436430622947e-07
5.412280543116799e-07
5.974327041152825e-07
6.964040923468123e-07
8.215549001217257e-07
9.405537683207132e-07
1.02311014965957e-06
1.039910186337145e-06
1.031838974878086e-06
9.763669165860921e-07
9.500832366742637e-07
1.020652951207373e-06
1.273891134873611e-06
1.502865627377139e-06
1.72347442821336e-06
1.788542903320551e-06
1.734557210838069e-06
1.686157243347024e-06
1.527223575677056e-06
1.456465511537118e-06
1.354985824610576e-06
1.249067116525227e-06
1.036656824873649e-06
6.869989908948281e-07
3.013562670412001e-07
-1.003754596498098e-07
-3.535996317947212e-07
-3.285263776939828e-07
-7.195703320127632e-08
2.798681272180158e-07
6.082665694270072e-07
8.288615543212242e-07
8.812646100733622e-07
7.938920456179116e-07
6.393503884862689e-07
4.781893164107951e-07
3.207641392122804e-07
1.949357069724226e-07
1.456778301064761e-07
1.881071833377712e-07
2.917939893911375e-07
4.083361314677758e-07
5.073848695673408e-07
5.60401919949135e-07
5.381677208188795e-07
4.612117036848747e-07
3.684633724890712e-07
2.785650943125907e-07
1.680676503664188e-07
5.482810777430519e-08
-2.799240788218341e-09
-1.20603698542441e-09
3.916879524197139e-08
1.003413660088523e-07
1.746552106716109e-07
2.610886037553898e-07
3.699512589737486e-07
4.915779150265768e-07
5.958161912524805e-07
6.744952514881805e-07
7.39077609975962e-07
7.71512152656636e-07
6.472004322065762e-07
4.113031642050806e-07
2.31045039370493e-07
2.710906795930037e-07
4.315724249426995e-07
5.311640842373571e-07
6.107084483738211e-07
5.848682464202851e-07
5.419097340271298e-07
5.157599256931106e-07
5.339186595928945e-07
5.920380696742249e-07
6.861442502260096e-07
8.167175477225165e-07
9.738739264674747e-07
1.129557413812983e-06
1.25282894985626e-06
1.308683031128539e-06
1.297929009749666e-06
1.24514133259863e-06
1.244460077084799e-06
1.279297996106031e-06
1.403032844307742e-06
1.488301505211557e-06
1.52573066310203e-06
1.544254900725401e-06
1.540022639347424e-06
1.490918777606508e-06
1.332771242378398e-06
1.068183533196706e-06
7.138763250653221e-07
3.224409956712219e-07
-3.601292641435979e-08
-2.848727248753258e-07
-3.470702760156001e-07
-2.151328971886804e-07
6.636531288879297e-08
4.194699224552021e-07
7.452053311741444e-07
9.752589007794003e-07
1.089534846830277e-06
1.098550851725064e-06
1.035008213039958e-06
9.418600473440237e-07
8.415313832714724e-07
7.218069365816821e-07
6.059240124748827e-07
5.368780594473004e-07
5.152428719718285e-07
5.050646192895479e-07
4.988362443006891e-07
4.95184354746322e-07
4.651160776565959e-07
4.099561118009874e-07
3.666649582209809e-07
3.556543480396039e-07
3.430527085466711e-07
2.9621650763905e-07
2.699307784455506e-07
3.050594374962569e-07
3.714419304631078e-07
4.487798806093902e-07
5.661839360725534e-07
6.967450461589759e-07
7.8764391911387e-07
8.225560627452896e-07
8.376669865753372e-07
8.538878799368555e-07
8.316030965600356e-07
7.376450828796408e-07
5.835689801294471e-07
4.407150391992292e-07
3.928649964806488e-07
4.686211677567845e-07
5.644562451001837e-07
6.072532309448581e-07
6.018540176913866e-07
5.948449403234148e-07
5.716362756240305e-07
5.571391605401715e-07
5.682665321133986e-07
5.954056630545273e-07
6.291569288466e-07
6.649827901622331e-07
7.314199001320227e-07
8.319966225199746e-07
9.374227129694261e-07
1.011971311694681e-06
1.078653293302394e-06
1.105789494876932e-06
1.167702752327071e-06
1.181070660419846e-06
1.148133682423761e-06
1.056699152318198e-06
9.331966412222846e-07
7.621604535271215e-07
5.91517275249441e-07
4.745551185662159e-07
4.019482515785627e-07
3.56348305388677e-07
3.400022202142203e-07
3.372041850454423e-07
3.676251688132139e-07
4.035107031916608e-07
4.763654459371096e-07
6.004466522328121e-07
7.796021406323705e-07
9.273275940291539e-07
1.009636132270351e-06
1.033761984761099e-06
1.054625920691809e-06
1.005449574750086e-06
9.435949870579597e-07
8.821046646521023e-07
8.525937518388524e-07
8.366661692255208e-07
8.378558619460413e-07
9.072332815636626e-07
1.011355471478462e-06
1.090275841894831e-06
1.109040513015212e-06
1.03668084804526e-06
9.102869338801268e-07
7.402117771343347e-07
6.494961756185666e-07
5.937818271520023e-07
5.282284546813447e-07
4.490457422928194e-07
4.515739368539054e-07
5.489880364937511e-07
6.875065226108888e-07
8.254588252808888e-07
9.669799584312723e-07
1.033657215980323e-06
9.834729675352059e-07
8.519330307847242e-07
8.005364239597238e-07
8.269347858147471e-07
8.283266415250686e-07
7.599848981090444e-07
6.737734090993618e-07
6.099708377265963e-07
5.846496999967301e-07
5.973731348469038e-07
6.10627795527754e-07
6.021105797142143e-07
4.584506260227299e-07
4.235117975076122e-07
3.708282272476403e-07
3.613864774999614e-07
3.819470419512471e-07
3.965912243475691e-07
3.881924224429316e-07
3.912268006494408e-07
4.394129060527997e-07
5.07171393661974e-07
5.911858352211235e-07
6.893262039171264e-07
7.080680762797397e-07
7.371437376959386e-07
7.70689656551494e-07
8.385021633321682e-07
9.394866272358058e-07
9.695882147765859e-07
8.770371782025472e-07
8.092434670524694e-07
8.168495960631546e-07
8.334007377405475e-07
8.426023883812183e-07
8.520123450706088e-07
9.129798699272367e-07
1.015112220508285e-06
1.039276886204748e-06
1.046474205504329e-06
1.053815340872429e-06
1.053227765835187e-06
1.071643433966286e-06
1.128251713018206e-06
1.20554180105506e-06
1.241528922884993e-06
1.285468220325231e-06
1.295633348802903e-06
1.196490031102689e-06
1.088937744863585e-06
1.070193373521488e-06
1.027391439605194e-06
9.366890118971263e-07
9.231857170530044e-07
9.852666207890526e-07
1.026146768490147e-06
1.091100420926173e-06
1.201110621461033e-06
1.223929383013025e-06
1.156488787494745e-06
1.036634892138398e-06
1.015191065617876e-06
1.033510160249559e-06
8.791837155789515e-07
6.612456357373319e-07
6.26351781695754e-07
6.26342258733298e-07
4.904709355435573e-07
4.748219824566304e-07
6.57012147846477e-07
7.505253510184031e-07
6.287599929731256e-07
3.769872989464476e-07
2.447552701872003e-07
3.104755759504842e-07
3.979350832634833e-07
4.323386026050251e-07
4.70718713488609e-07
5.19541186876726e-07
5.168375864509455e-07
4.825713857626458e-07
4.826955705066545e-07
2.623045268149155e-07
3.036323103444566e-07
2.703335484362426e-07
2.482963898879598e-07
2.731327500092055e-07
2.98308532306946e-07
2.747092709348822e-07
2.138858262156942e-07
1.723151089149206e-07
1.643148802793681e-07
1.709045476826549e-07
1.952524918740453e-07
2.5393156211535e-07
3.55295186186089e-07
4.906784733140982e-07
5.596640954513339e-07
6.529933986391929e-07
6.941804309160916e-07
6.970458289609645e-07
6.043270696110364e-07
4.87392137067937e-07
4.565241379449939e-07
5.171057522259633e-07
6.1368509435448e-07
7.097760237642872e-07
7.590288446024025e-07
7.516631717987462e-07
7.832687072316081e-07
8.490857036737541e-07
8.761539753636322e-07
9.060241277035468e-07
9.248644094364443e-07
9.367016759848843e-07
9.401505263142026e-07
1.025645296042792e-06
1.111494098538479e-06
9.698951278468782e-07
7.234493186913681e-07
5.164060434946049e-07
4.368239736797681e-07
4.123882284879883e-07
3.7854838154571e-07
4.569583158387422e-07
6.822332618726024e-07
8.218181292488625e-07
8.560466817054202e-07
9.110241691691815e-07
9.605762028082617e-07
9.029038261698103e-07
7.17095537473833e-07
5.533272427565022e-07
4.969060369413222e-07
4.674347344135908e-07
4.645124367605614e-07
5.287313170637987e-07
6.008043268814157e-07
5.699555322851662e-07
5.057565935581304e-07
5.177108989993613e-07
4.47462325726548e-07
2.706947689012677e-07
1.241735775761592e-07
9.032139014944461e-08
1.262372602844242e-07
1.806345781702886e-07
2.414620039842305e-07
3.085098568048312e-07
3.196324798548388e-07
2.661131774789088e-07
2.361765693966198e-07
2.778402148835775e-07
3.002301245610449e-07
2.710916534184595e-07
2.548261843229449e-07
3.048366281964203e-07
3.694723119403998e-07
3.543481524914881e-07
2.60218633395807e-07
2.086420687764906e-07
2.132563092336761e-07
2.204730528823736e-07
2.109221350720908e-07
2.576886476360719e-07
2.584804165146914e-07
3.066409352122518e-07
2.109464013774608e-07
2.274301343092862e-07
2.578193690171779e-07
2.081546107405099e-07
7.311018005803816e-08
2.060865199278273e-08
6.664156711267044e-08
1.162376170629089e-07
1.333986642496771e-07
2.322499793881781e-07
2.89374344923361e-07
3.119996729427105e-07
2.777255589599727e-07
3.536441209052389e-07
4.594577246775532e-07
4.518547580638344e-07
3.384337589018115e-07
3.316458285138856e-07
4.378559021939862e-07
5.483425673308551e-07
6.108725907582798e-07
7.394829246252552e-07
6.879246345965983e-07
5.183817171837541e-07
3.690981405180576e-07
2.663105154669161e-07
1.111294650287702e-07
3.735692853546589e-08
1.244264645329532e-07
1.97070155284214e-07
1.941724016608067e-07
2.525849769976015e-07
3.605178688169758e-07
4.962544127877497e-07
4.986576383613861e-07
4.555582360196692e-07
3.863138818222825e-07
3.404359797359375e-07
3.517797411708581e-07
4.525211605089961e-07
5.03483357173371e-07
4.541663445388819e-07
4.309614940523464e-07
5.162335644811333e-07
4.926171918799177e-07
3.821136794248902e-07
3.181091183760851e-07
2.845415759383302e-07
2.010379520247552e-07
1.699126302863165e-07
2.902031143624664e-07
4.336813143313233e-07
3.702799069056485e-07
2.42960542980184e-07
2.107508734970049e-07
8.208672827104282e-08
1.202201896056304e-07
9.331752914881345e-08
9.573298815005773e-08
1.57420486595975e-07
2.702182383373067e-07
3.550022514642561e-07
3.458263759514676e-07
2.761360390028574e-07
2.33027635580824e-07
2.07604914993869e-07
1.681937230088547e-07
1.712503587108904e-07
3.02673673694925e-07
3.693191418531343e-07
3.942784281706237e-07
3.433953740763038e-07
5.230963692314962e-07
6.058392732564687e-07
5.151868403908114e-07
3.470440512208729e-07
2.633580352872367e-07
2.151142350894724e-07
1.007752043773512e-07
8.286992904166171e-08
1.329627571316651e-07
1.186087627443379e-07
8.764454039832967e-08
6.803451605315578e-08
2.573899263295034e-07
3.21125856809839e-07
2.21671883930797e-07
8.109199680111698e-08
6.69983628018981e-08
8.182040192962353e-08
1.079519772765958e-07
2.482891564106933e-07
2.955233958631633e-07
1.976628775976226e-07
2.402117318381547e-07
2.467810909068572e-07
1.237285321961822e-07
9.13528532907912e-09
6.559762736337342e-08
1.204612347653301e-07
4.131471010725211e-09
-8.598407092452099e-08
2.55760203709723e-08
1.620023749567583e-07
1.980990499531082e-07
1.979482774234488e-07
2.271618941306826e-07
1.687478055382302e-07
1.113365725895967e-07
1.900214445689142e-07
2.786291702417684e-07
1.812013925331572e-07
1.007620249083891e-07
2.722075948283271e-07
5.102783830555618e-07
4.565166094791765e-07
3.432392456636473e-07
3.2880267033783e-07
2.431664406429886e-07
5.3282055643731e-08
5.292124523256183e-08
2.111987151811236e-07
2.255868590763941e-07
9.972610741425428e-08
3.37651593063014e-08
-1.207007669940686e-07
6.286536723988436e-09
-5.880565692613278e-09
-2.044833507737382e-08
-3.764744286617179e-08
4.149076227759972e-08
1.404184044852729e-07
2.032245770848969e-07
2.004509290543948e-07
1.788660338732456e-07
1.782845342007205e-07
1.571335211502958e-07
5.918805901447302e-08
2.612087562880982e-08
1.1481415080314e-08
1.202449825024942e-07
4.4077384795368e-08
8.671667850190766e-08
2.040544162940749e-07
3.307116818304617e-07
3.395969493900227e-07
3.130942389454378e-07
2.934748639198831e-07
2.289613549570847e-07
8.635917211747546e-08
3.138589296616501e-08
-1.223566187051734e-07
-5.02808492342921e-08
-2.116808312982604e-07
-2.003964451861688e-07
-1.689708841978137e-07
-4.492369693880934e-08
-9.712572005280866e-08
-1.248713179752846e-07
-1.779391686981829e-07
-1.143363803004953e-07
-1.956174022616607e-07
-3.448285081220725e-08
-6.404861572571115e-08
-1.682278109794316e-08
3.667780116029692e-08
-3.055579794098357e-09
-1.05824794118379e-07
-1.169577739930033e-07
-3.931907819765069e-08
-8.172095505530231e-08
-1.460795907839683e-07
-8.078848475435169e-08
-5.695145360399757e-08
-2.336130292801071e-08
-4.959048117257129e-08
1.285828740658928e-08
4.905301346298933e-09
-1.057956855722784e-07
-1.144770351664189e-07
8.66253989086856e-08
1.680522012237946e-07
5.692671019890088e-08
6.143610688192893e-08
3.330680411064632e-07
4.175817137128722e-07
2.607821187729168e-07
1.958795663265841e-07
2.318740632869118e-07
1.026952966027556e-07
-1.475519536134978e-07
-1.835394359729893e-07
-8.633436982800123e-10
9.190422523136004e-08
-4.736780436088837e-08
-1.519754111769098e-07
-1.520518043932288e-07
-1.13302216051403e-07
-2.328781702178085e-08
-1.219484659565532e-07
-1.550310543602513e-07
-7.28870127670483e-08
3.973554347768814e-08
8.568647079173177e-08
5.800908354402568e-08
2.76785375374688e-08
6.471321433549311e-08
4.519641336975049e-08
-3.119168597190972e-08
-1.003532234985611e-07
-4.801522309608892e-08
3.55256284737527e-08
-8.492577161406641e-08
-1.861211074098985e-07
-8.295630070052012e-08
5.705671470461066e-08
7.545153823970959e-08
6.004955470772203e-08
1.614144718159452e-07
1.530131068542249e-07
7.916201738085979e-08
-7.422324404911311e-08
5.045128431053855e-08
1.233109719554183e-07
8.678792418617868e-09
-1.705604890250557e-07
-3.448293707675214e-08
8.783531686033621e-08
8.402221447595735e-08
-2.934554613246583e-08
6.133040221418755e-08
-1.669704612601617e-07
-1.495118809228823e-07
-7.077043798296012e-08
-5.062465325891287e-08
-4.656934087544741e-08
8.33065846664221e-09
4.951381695280894e-08
-3.551007451022063e-08
-7.365975331977948e-08
-3.441459467365347e-08
-1.127504096026106e-08
-2.489986507939376e-08
-8.854913597815584e-08
-3.975645944712406e-08
-4.876335641905652e-08
-3.289319496182649e-08
3.987140111904376e-08
3.97879396883518e-08
-8.308844919758441e-08
-5.054141588503687e-08
1.471534574132052e-07
1.903794574807031e-07
7.833656708521075e-08
3.996410347464319e-08
1.493640232364948e-07
2.244156066696166e-07
1.354538705073351e-07
1.443380668681598e-07
2.222601605165459e-07
1.305055117393356e-07
-1.627097488619074e-07
-2.595168646571951e-07
-7.683324188090848e-08
7.447897656497611e-09
-8.312631274935895e-08
-2.737720955058573e-07
-1.898506039178822e-07
-8.90750035546106e-08
1.696002662099721e-08
-3.342897400104673e-07
-2.719949419693834e-07
-1.129327962758597e-07
4.162984474133061e-08
5.265041518492798e-08
-4.049525920403678e-09
2.536394587414837e-09
3.598139893844213e-08
1.198012231610514e-08
-2.208852412796829e-08
-5.443352914549945e-08
2.577545548942443e-08
1.69653472941702e-08
-7.597969937889687e-08
-8.932545214956887e-08
2.331030703201206e-08
8.542750153226928e-08
4.141002117615559e-08
4.806247622736769e-08
1.130710366890476e-07
1.135265829826534e-07
8.439180087579094e-08
7.493650808129864e-08
1.898124956364207e-07
1.794951423014844e-07
6.096928134620538e-08
7.854438307187643e-08
1.558015253583031e-07
1.754148219352682e-07
6.45495530664305e-08
9.179239330902048e-08
-8.277526770615529e-08
-1.892437661124851e-07
-2.377318061794341e-08
3.500257581984171e-08
-1.566733191950652e-08
-1.315684942105541e-08
1.758633187087522e-07
1.231702903791155e-07
-5.763060815867294e-08
-9.553700738678112e-08
-1.360441043687303e-08
-8.580510735119161e-10
-8.230825827989129e-08
-8.124375629473236e-08
-1.737045698854708e-08
-2.882730093982403e-09
2.515229348125396e-08
1.219440644276345e-07
1.408826394143786e-07
3.321676839557004e-08
3.676234953250798e-08
1.29742752264468e-07
1.011958938070164e-07
-3.273019422012518e-08
-5.73592418667052e-08
1.149712945026961e-07
8.922909806865514e-08
3.94044239192961e-08
1.188433597121535e-07
2.688417464102276e-07
1.027618679767672e-09
-3.084169273008987e-07
-2.650060783523963e-07
8.791657213787088e-09
-1.023456319272512e-07
-1.804301898078331e-07
-1.998079309633481e-07
-1.770645099855622e-07
1.767116056463167e-07
-3.166736157250782e-07
-3.640270815961923e-07
-2.645587178923064e-07
-1.887100386712332e-08
-8.618934386060086e-10
-2.413499102274069e-09
5.255415454785714e-08
7.325426593069582e-08
2.953078321041575e-08
1.035694703753988e-09
-5.750698026592466e-09
4.843329466469266e-09
-4.188360800565318e-08
-6.453493979013758e-08
-4.829066458119782e-08
1.146643549938266e-08
4.670046642475954e-08
6.634633171947037e-08
1.012521885138565e-07
1.468477505824566e-07
1.627269878570165e-07
1.684329349210963e-07
1.860093375747833e-07
1.954033139042604e-07
1.451737304738531e-07
1.085782034376881e-07
1.69389852669007e-07
1.895648325707545e-07
1.674861921601194e-07
5.252634582445333e-08
4.257071016705661e-08
-1.380387760830283e-07
-1.716762954336855e-07
-5.244824587779441e-08
-2.490289490727439e-08
6.375477321831759e-09
8.079368856244477e-08
2.35188763138507e-07
1.160979753553428e-07
-4.521647348613812e-08
-3.824691617404992e-08
4.589674485896807e-08
-1.912537543070263e-09
-1.156494493676417e-07
-1.189912406406443e-07
-5.117803418930729e-08
-5.28917310944794e-08
-3.800829944397732e-08
1.019633536486037e-07
2.200842449228719e-07
1.27723778358904e-07
3.762974852907865e-08
9.371325108512743e-08
1.32994401457653e-07
4.780223990367769e-08
-7.707546185472403e-08
-1.5306611183107e-08
1.561419557749185e-08
-5.061113639900316e-08
-8.746686068533483e-08
3.81010274775767e-08
1.065924129400133e-08
-1.431033600833106e-07
-2.526893320175074e-07
-1.434533347914439e-07
-7.128833223908231e-09
-5.548683015063305e-08
-1.924539264049557e-07
-1.286437858280387e-07
1.128475365770955e-07
-3.602880423955564e-08
-1.976668883630824e-07
-2.740453058697929e-07
-3.874225751270674e-08
1.983404000213593e-08
2.687990829898216e-08
7.286914103688128e-08
1.218787700312503e-07
7.412999601950679e-08
4.238707193799173e-09
7.720403721002943e-09
5.946831180502334e-08
1.917172020419505e-08
-6.783542583969501e-08
-7.394292718848258e-08
1.19785622788353e-08
5.724952160714444e-08
6.393724398918458e-08
1.071751814596487e-07
1.55154039236039e-07
1.332375590748665e-07
9.628564389646756e-08
9.211154784249033e-08
1.255831182443229e-07
6.343729122475513e-08
-4.560874701698349e-09
1.283755506823276e-08
8.886901267607199e-08
1.18040994998379e-07
9.928601984309822e-08
1.66969207200381e-07
5.866706753087025e-08
-6.930675263657516e-08
-7.684187779536571e-08
-1.518477697232441e-08
-2.944376091137749e-08
2.262296193813155e-08
1.746870028881533e-07
1.960202088143443e-07
8.055389821220217e-08
3.156972748704805e-09
5.078084321921693e-08
6.068792551458281e-08
-3.460694616804264e-08
-1.033137783688324e-07
-6.379775511856784e-08
-6.343813221215252e-08
-7.824628187854605e-08
2.334256955380368e-08
1.705313537443598e-07
1.563561895697877e-07
7.995015572292399e-08
9.609952402554064e-08
1.282111125187443e-07
4.674287451095343e-08
-5.89463779754091e-08
-4.750131674094363e-08
-3.26451034644662e-08
-1.084442399423787e-07
-1.763014031963022e-07
-1.150493600650281e-07
-4.918053059841109e-08
-1.532677752630152e-07
-2.728413918438269e-07
-1.778578992332132e-07
1.44582270662983e-08
-1.340065514105875e-08
-9.29639379937193e-08
7.42959943968671e-09
1.661883752808958e-07
1.328540720445871e-07
-5.750598967850122e-08
-1.665125157262793e-07
-3.502159280956766e-08
1.101033086899109e-08
4.165504241212347e-08
7.020145853673721e-08
1.340064243828687e-07
1.209790955682863e-07
7.370722783706127e-08
8.145310224217923e-08
1.278572796776653e-07
9.473362437787759e-08
-8.229184662977948e-09
-5.042868795763881e-08
1.178564758464087e-08
5.528894196232058e-08
5.455409542098422e-08
7.702288131403183e-08
1.098236031908661e-07
8.853769204145949e-08
2.06801665509182e-08
-9.756456978335265e-09
-1.619711099284269e-09
-7.074876746727599e-08
-1.459047592399606e-07
-1.36579385018312e-07
-2.811227408549975e-08
4.847463784436978e-08
1.170052842120721e-07
2.436691730547238e-07
1.965003946898958e-07
3.292973240071509e-08
3.881403844533501e-09
7.240861415858284e-08
2.829039720710997e-08
-2.956956777385784e-09
1.219091385442807e-07
2.431134767229188e-07
1.941989672105102e-07
8.793313526419262e-08
9.520616521697649e-08
1.388448958013743e-07
7.082564513726227e-08
-2.012751999829329e-08
-2.951589889834522e-08
-5.32806987307364e-08
-9.226011712898364e-08
-3.610792785107001e-08
8.094519179332424e-08
9.488847610695755e-08
6.496322246694319e-08
8.160018694623734e-08
1.145918178047526e-07
6.098341505655735e-08
-1.759352726996392e-08
-2.793855092148937e-08
-3.621961644674528e-08
-1.16268503785303e-07
-1.902269290587109e-07
-1.54382572726434e-07
-7.601490790870611e-08
-1.646775137454162e-07
-2.65894597924361e-07
-1.728712340723359e-07
-6.373148132095649e-09
-1.177154519676073e-08
-3.500039636025538e-08
8.585892578722123e-08
2.637548022471966e-07
2.873466823869338e-07
9.309552642831518e-08
-4.620087653131278e-08
-6.726728541018638e-09
-2.266290589453848e-08
-2.231907911450599e-09
3.371950515114127e-08
1.275563631617539e-07
1.471303152254403e-07
1.557196875742541e-07
2.158052874806958e-07
2.752561728462552e-07
2.236224359584731e-07
9.325091877442029e-08
1.939629882586176e-08
3.018572839713011e-08
2.036093831951507e-08
-1.21027395952398e-08
-8.882169619882554e-09
8.499134870069309e-09
7.445865463445895e-09
-5.461639712776761e-08
-5.22360817622005e-08
-6.369793948882389e-08
-1.486978405940907e-07
-2.460872270933463e-07
-2.439615399865423e-07
-1.337701042171373e-07
-2.743978243093477e-08
1.06752305654425e-07
2.69090139239848e-07
2.66858259010616e-07
1.453666536774486e-07
1.28570525954301e-07
1.619195789309714e-07
9.045562920783918e-08
4.100802693173024e-08
1.286480710728303e-07
2.256808715715847e-07
1.899763324378928e-07
1.241859188714611e-07
1.660822809553947e-07
2.322595032252938e-07
1.896450718675482e-07
1.154081338408432e-07
7.379578567486829e-08
-1.014617733169285e-09
-9.014102730407668e-08
-9.073762058305527e-08
-2.679540206541384e-08
-2.139466297502235e-08
-3.260614707813382e-08
1.24217126458461e-08
7.687896962376215e-08
7.07551914568234e-08
3.76048512532621e-08
4.430945960903131e-08
3.552200405922329e-08
-4.119755181751535e-08
-1.420947771527701e-07
-1.166118129914365e-07
-6.954628410946223e-08
-1.670940179067643e-07
-2.710079559523142e-07
-1.970924591422749e-07
-6.846001451479737e-08
-4.19991434586187e-08
-1.514317858239945e-08
1.066578163378609e-07
3.253575567553467e-07
4.222352651166641e-07
2.997529513214424e-07
1.349074121115976e-07
6.797293983458663e-08
-4.137263048128667e-08
-7.88988392836256e-08
-6.576670691112466e-08
5.174554805056379e-08
1.07693851540593e-07
1.763305823966187e-07
3.070542778010531e-07
4.24778618987283e-07
4.023645816631816e-07
2.680550852435946e-07
1.553495753461299e-07
1.053673939139998e-07
2.037721094854974e-08
-7.183703658155095e-08
-1.036722254142864e-07
-9.444125067980485e-08
-8.952715602442995e-08
-1.039534112081467e-07
-4.713698475578705e-08
-2.816550503353703e-08
-1.029940539447202e-07
-2.33516273099831e-07
-2.881205193021542e-07
-2.540221292793491e-07
-1.856124199105283e-07
-3.675245885013925e-08
1.718747813076442e-07
2.55477304264431e-07
2.30498462937187e-07
2.738861903318299e-07
2.964341494584083e-07
2.037922315382528e-07
1.10268115721517e-07
1.43570477501182e-07
1.803036226102148e-07
1.403080501837736e-07
8.890417649511257e-08
1.613365585604433e-07
2.675514805056742e-07
2.795205667891939e-07
2.551651568867438e-07
2.26620257070847e-07
1.304045477898793e-07
-1.107787492466881e-08
-8.984720165298262e-08
-1.043437217951264e-07
-1.408949138632254e-07
-1.744628871848073e-07
-1.108699228045202e-07
-8.483712506868092e-09
4.895637510780122e-08
8.184044391532505e-08
1.371300646956055e-07
1.59934686071943e-07
1.057262208952673e-07
-2.319457351003986e-08
-1.923029568738765e-08
-2.44934735142377e-08
-1.41799687714357e-07
-2.651687877946812e-07
-2.471095612624884e-07
-1.770533321682856e-07
-1.052746534936347e-07
-1.405221867866783e-08
8.273811653662307e-08
3.233351266508559e-07
4.937732845051468e-07
5.34433389986223e-07
4.062285340548177e-07
2.365461580053515e-07
7.350194805068182e-09
-1.487005727877402e-07
-2.077847039457917e-07
-9.875276332575485e-08
-2.072596507304678e-08
9.663396690832866e-08
2.936220907730523e-07
4.997793060815701e-07
5.700357682178228e-07
4.974450875232568e-07
3.649402711001174e-07
2.665556315730789e-07
1.053969070404843e-07
-6.181480723040915e-08
-1.645460468819979e-07
-1.834257771177979e-07
-1.89255125056631e-07
-1.579510675939359e-07
-4.260113333047129e-08
5.080787812973764e-08
3.715591670180731e-08
-8.942765111148445e-08
-2.1312929476083e-07
-3.000468237114792e-07
-3.43700609415387e-07
-2.615643696101858e-07
-4.545992656141192e-08
1.366378735752794e-07
2.322877470852928e-07
3.690577484329177e-07
4.435973909402818e-07
3.685820578805652e-07
2.302907019928292e-07
2.002708940869551e-07
1.330252370234026e-07
7.895724152002174e-08
1.506988739861625e-08
9.212969964719375e-08
2.214073090785192e-07
2.99278686490464e-07
3.479308400305244e-07
3.749391499066098e-07
3.083038646130496e-07
1.487964697401392e-07
-2.729191145546652e-09
-1.115711754238568e-07
-2.182761017193315e-07
-3.068390885647621e-07
-2.673721366316503e-07
-1.465529049664841e-07
-2.722090792780571e-08
8.438880964191726e-08
2.109495558619262e-07
3.040910303068348e-07
2.878794974329834e-07
1.625884239013245e-07
1.321788185042958e-07
6.071714183715262e-08
-8.720024222750924e-08
-2.164052424902682e-07
-2.774999862671488e-07
-2.995021215159933e-07
-1.998582351042032e-07
-6.632845333116685e-09
4.175542323759155e-08
2.492231143246145e-07
4.544367327229389e-07
7.178940535853735e-07
7.408744001640122e-07
5.017384321850575e-07
1.677018592817221e-07
-1.521935635407647e-07
-3.379077150039342e-07
-2.751830420591834e-07
-2.05742871854817e-07
-6.398282124861567e-08
1.646831500721817e-07
4.513122793533408e-07
6.497145130777365e-07
7.261484329669424e-07
6.093228039627038e-07
4.962386090716101e-07
2.768389415764927e-07
5.422856702108495e-08
-1.540320510331049e-07
-2.303744957168933e-07
-2.777814318900612e-07
-2.323481147088205e-07
-8.836187308994713e-08
9.418558223902984e-08
1.941428311001708e-07
1.348140682131096e-07
-1.41155686750202e-08
-2.136657878594024e-07
-4.091961582723132e-07
-4.701160758917644e-07
-3.267729661927616e-07
-8.404572646643049e-08
1.40415047501206e-07
3.776598201416943e-07
5.48523205768911e-07
5.429613674774128e-07
3.827547902448809e-07
3.267142143362453e-07
1.208290542498304e-07
3.833639657238695e-08
-5.810337868547613e-08
-7.544321563708544e-09
1.168415034602322e-07
2.451211628034559e-07
3.681460834090527e-07
4.740561016099089e-07
4.821811472546392e-07
3.545936388562477e-07
1.601644318171868e-07
-4.226364507535542e-08
-2.226607056979496e-07
-3.965335573959515e-07
-4.259982800649855e-07
-3.265197552337794e-07
-1.623848202085608e-07
3.386612711210268e-08
2.373507555181523e-07
4.275758161011976e-07
4.798604676277199e-07
3.968274820825434e-07
3.292313649261882e-07
1.935231259037084e-07
-6.405664594462134e-09
-1.045873088146989e-07
-2.497577160199156e-07
-3.922202834146013e-07
-3.067789621090647e-07
1.559409347321315e-08
4.658498637375614e-08
1.078674970123862e-07
2.971990135363545e-07
7.583377666769849e-07
1.062955176613893e-06
8.113050815230083e-07
4.200362361347271e-07
-3.745023905210576e-08
-3.910458169287138e-07
-4.279437469469941e-07
-3.890800969250668e-07
-2.428652366315411e-07
-3.777560390592793e-08
2.836169957923288e-07
5.952350382189006e-07
8.80405202157538e-07
8.338196085925189e-07
7.308854170810558e-07
5.019474666344258e-07
2.49825177914508e-07
-5.299655143615286e-08
-2.148435357393006e-07
-3.259814534849267e-07
-3.063327727572576e-07
-1.854520679303141e-07
5.180519323894517e-08
2.920771739324067e-07
3.574586632465924e-07
2.54113547052712e-07
8.180037276093307e-10
-3.334919351414698e-07
-5.751389409235537e-07
-5.929551429826645e-07
-3.688617117578767e-07
-1.989663617090254e-08
2.952217789383076e-07
5.761914263722305e-07
6.913691019008004e-07
5.274836195173141e-07
5.134976377307586e-07
1.37120995846959e-07
3.948633835932789e-08
-9.721259704272942e-08
-9.966353613747098e-08
-9.916220630943442e-09
1.417039750765888e-07
3.215765924690031e-07
5.07224014901429e-07
6.148072670432649e-07
5.674321292502857e-07
3.730292681359373e-07
8.084705833731914e-08
-1.520914349467567e-07
-4.243211189879975e-07
-5.491488746917597e-07
-5.26678209994032e-07
-3.341024044360326e-07
-7.944937999641939e-08
2.067709811955464e-07
4.834453710924697e-07
6.513064175652682e-07
6.406464840596495e-07
5.280666778830674e-07
3.579983252328437e-07
1.136881030323755e-07
8.694912559225157e-08
-1.558394090837338e-07
-3.993370854589295e-07
-3.993745709276361e-07
3.53219080625363e-08
1.084870984281772e-07
-3.729494915551779e-08
6.887114107442966e-08
6.023098596095381e-07
1.270696668970362e-06
1.090767158277098e-06
6.911358475073271e-07
1.841444612437854e-07
-3.205169818656238e-07
-5.208125808848461e-07
-5.235487054927626e-07
-3.784663184619195e-07
-2.547879627838181e-07
2.813176550381224e-08
4.969391468329305e-07
8.299457928764074e-07
1.007233546264787e-06
9.07678732535979e-07
7.236928751312633e-07
4.701066886819561e-07
1.222816216931783e-07
-1.361219262367327e-07
-3.17464467048819e-07
-3.401196419524304e-07
-2.902646823502286e-07
-7.114722323268285e-08
2.896752454714343e-07
5.10366387188907e-07
5.059507299604697e-07
2.83095863138814e-07
-1.297689369956817e-07
-5.300140503662539e-07
-7.628602381629111e-07
-6.690472647250349e-07
-2.050537064446789e-07
1.441814377170019e-07
5.119725107749135e-07
7.930373922747181e-07
6.423190248821441e-07
6.912543419079412e-07
1.733073303742113e-07
7.528379866723982e-08
-8.885147273631432e-08
-1.548560449359269e-07
-1.272407474106505e-07
1.848498078273987e-08
2.293204790016309e-07
4.752232647913127e-07
6.840274289969556e-07
7.542885974190626e-07
6.136411745731896e-07
2.232360854680281e-07
-1.623366889281547e-08
-3.796393630182704e-07
-5.887870578386486e-07
-6.90990507296292e-07
-5.217016733977325e-07
-2.367602830400512e-07
1.266426573048523e-07
4.395168593325967e-07
7.354276954517266e-07
8.268954032568513e-07
6.463349560681406e-07
3.740677612539684e-07
3.08617884705077e-07
4.230392493070385e-07
3.595903061809596e-09
-2.812980747786212e-07
-4.275615425463036e-07
2.793980522328225e-08
1.854794096656428e-07
-1.015425612253235e-07
-1.431549558433561e-07
2.889270743537494e-07
1.256203908874181e-06
1.252286365568801e-06
8.957677583632545e-07
4.404000046424401e-07
-1.322117485052411e-07
-5.204628587241424e-07
-5.759903730960431e-07
-4.211073193871582e-07
-3.862820417523928e-07
-2.448471722667535e-07
2.662573442279498e-07
6.690212285805834e-07
1.058763187625139e-06
9.910161249995331e-07
8.763559900713744e-07
6.659296400435402e-07
3.201182614622917e-07
-1.108781299536467e-08
-2.505865327942088e-07
-3.06892367067596e-07
-3.457412648349645e-07
-2.092577283222598e-07
1.768761181247121e-07
5.545493335048633e-07
6.643902757824452e-07
5.467135341075689e-07
1.399430777267769e-07
-3.392098410260754e-07
-7.722133533862354e-07
-8.83892273009096e-07
-3.832669489595732e-07
-3.26689828905564e-08
3.557255790914605e-07
7.965867881477841e-07
9.198347847018979e-07
5.630208752508926e-07
2.584860422493277e-07
1.22016592811219e-07
-3.547685799595251e-08
-1.566261857002799e-07
-2.067144594482829e-07
-9.683307359602453e-08
1.134237446691648e-07
3.78539526719693e-07
6.629867888908084e-07
8.645689624408763e-07
8.467726010476497e-07
3.537287059211132e-07
1.668481363785253e-07
-2.474592717675814e-07
-4.972376024536495e-07
-7.124350565165926e-07
-7.26224930887035e-07
-2.996205801612052e-07
-2.687075964332089e-08
2.963126587997978e-07
6.485743639386449e-07
8.875563113706103e-07
7.046214892277416e-07
3.561119603364556e-07
3.811631383747743e-07
6.370385917106277e-07
1.998955766729862e-07
-8.507656226633422e-08
-3.573314377671353e-07
-6.038101340271128e-09
2.328231189890666e-07
-5.289239406413418e-08
-2.704199172575636e-07
-1.742486112099871e-08
9.589391325790549e-07
1.192782545798046e-06
9.419906985276215e-07
6.230346768489387e-07
9.874809804185492e-08
-4.025972105081509e-07
-5.035407928787255e-07
-3.530737604147481e-07
-3.626486929792898e-07
-4.02865686425809e-07
-1.12683955784119e-07
4.864979154038097e-07
9.193557760729594e-07
9.594152646840634e-07
8.929643399228833e-07
7.673348812606611e-07
4.777106382524446e-07
1.244382180713506e-07
-1.330114491517104e-07
-2.039801818045885e-07
-3.008257112180632e-07
-2.907066076225519e-07
6.761532631363816e-09
4.65548982047235e-07
6.643207423939216e-07
6.971484217895525e-07
3.836597978261017e-07
-6.022879308055354e-08
-5.969288327206209e-07
-8.624238707674981e-07
-5.154295537528074e-07
-1.686802559964241e-07
1.429241719300784e-07
6.475949504267332e-07
1.013712936178961e-06
4.132693280611683e-07
3.31217988057371e-07
1.616277352307968e-07
5.306879569049507e-08
-9.899416083474508e-08
-2.136342868036463e-07
-1.671346518010677e-07
2.517486496668022e-10
2.263309053775875e-07
5.218111816266114e-07
8.127224860708225e-07
9.560999659221974e-07
4.625057973741617e-07
3.337528363585906e-07
-2.854716626369338e-08
-2.968126139683239e-07
-5.433172772366433e-07
-7.267529152259011e-07
-2.966818219053903e-07
-1.672518410449556e-07
8.5724593967595e-08
4.084918141881631e-07
7.476991314264372e-07
6.643421812082776e-07
3.596463716194814e-07
2.797803578118204e-07
5.457264266702344e-07
3.399664112164753e-07
6.309727733153375e-08
-2.121236734924231e-07
-2.209765746262981e-08
2.012956684528473e-07
3.451806157950269e-08
-2.217286620877357e-07
-1.920303731982057e-07
5.077310827179187e-07
8.608459294287433e-07
7.637862592677001e-07
6.166140198478374e-07
2.794522166906825e-07
-1.86079557030362e-07
-3.443941297558795e-07
-1.958362877996768e-07
-2.10245963759153e-07
-3.634002180305667e-07
-3.447333824994986e-07
2.219643909272812e-07
6.207899581686853e-07
7.580284633949096e-07
7.149677945346618e-07
6.900184960698917e-07
5.134515064640109e-07
2.20872420583277e-07
-1.104452569043193e-09
-6.848565810778341e-08
-1.568510952136435e-07
-2.549100783370458e-07
-1.172612472257142e-07
2.623517203603218e-07
4.946071030229141e-07
6.230751801080908e-07
4.681189565292103e-07
1.774205127903412e-07
-2.947468945372054e-07
-5.426552475661448e-07
-4.936514369328067e-07
-2.109866522230696e-07
-2.132678982080934e-08
3.779057859294381e-07
6.314883572137428e-07
4.272819310345085e-07
3.237042156634892e-07
1.662361104947057e-07
1.244602106248762e-07
-7.574759106271469e-09
-1.365544091435295e-07
-1.540010259807983e-07
-6.450985418198364e-08
7.056458857737445e-08
2.926720019550288e-07
5.711195240743672e-07
7.283950878030005e-07
5.349094187902842e-07
3.736012374715679e-07
1.645502956415492e-07
-7.182609711389534e-08
-2.885024244165305e-07
-4.330911441322454e-07
-2.574228163745633e-07
-1.780804047474568e-07
-6.990730558978118e-08
1.57903407817981e-07
4.447996842250545e-07
4.730679024005831e-07
2.792465018209463e-07
1.579437032549849e-07
3.199312938854903e-07
3.079683037649796e-07
9.704842528391215e-08
-7.904253046434831e-08
-1.678272572158938e-08
1.160207550610396e-07
7.117365468337141e-08
-9.054338054598228e-08
-1.816377978426931e-07
1.629307870975512e-07
4.233797444956796e-07
4.414865577505067e-07
4.16519052599746e-07
2.982454655820193e-07
7.119778889978266e-09
-1.653993329694705e-07
-4.815583335192567e-08
-4.107487656524601e-08
-1.759291105450563e-07
-3.150785180817957e-07
1.869722129009906e-08
2.780971901549176e-07
4.131669381635515e-07
4.095890264072404e-07
4.328697603229558e-07
3.769885320270635e-07
2.152503331640515e-07
7.550442227134881e-08
2.414284664815695e-08
-1.769726014230707e-08
-1.221191378115849e-07
-1.157112804866202e-07
7.785751257478148e-08
2.40866285452868e-07
3.614110494600458e-07
3.373398529998415e-07
2.280076477771479e-07
-3.463112526393463e-08
-1.958164462606598e-07
-3.099771703635268e-07
-1.314990700513046e-07
-7.271890800842255e-08
1.318157735013996e-07
2.748489975865334e-07
2.588908428770785e-07
2.218876587602601e-07
1.158368423985997e-07
1.137529610588139e-07
5.409893227211434e-08
-3.823361813987772e-08
-8.185113342973957e-08
-5.713823549610733e-08
-1.152544628560639e-08
9.044388439552797e-08
2.606287285947871e-07
3.733860091456364e-07
4.029179169505091e-07
2.775201075344813e-07
2.050455119347781e-07
7.251746359931386e-08
-6.916984917529879e-08
-1.59587046344897e-07
-1.486137366325563e-07
-1.046897396578226e-07
-8.608847035580614e-08
1.275462044611553e-08
1.71351319427046e-07
2.395852318721915e-07
1.632696845490457e-07
7.658776016330807e-08
1.328717909855998e-07
1.752786236435996e-07
6.19707378419698e-08
-1.266664817315513e-08
-6.379908811744747e-09
4.591261205309783e-08
5.125268969614559e-08
-1.17373197080293e-08
-8.728783980558913e-08
1.923779005123349e-08
1.360595864536289e-07
1.752821291170829e-07
1.878762723524584e-07
1.816390500298247e-07
6.992364479491783e-08
-3.349608984521538e-08
5.693110635574847e-09
2.856656578092538e-08
-3.344396258390592e-08
-1.391079811755305e-07
-4.349331887271586e-08
7.137627928112429e-08
1.439525721605424e-07
1.58554572213113e-07
1.776510807342529e-07
1.812335165500732e-07
1.278017867460791e-07
6.983566026775548e-08
4.155836170679179e-08
3.071578080168365e-08
-2.152710834831694e-08
-4.942285897696439e-08
3.996564380135609e-09
7.278238702867926e-08
1.351365326750789e-07
1.502785691931982e-07
1.374490876466646e-07
5.005757248280533e-08
-2.391670646696369e-08
-1.215958644142994e-07
-4.588530851435046e-08
-4.201858762682236e-08
8.667907868734976e-09
8.627197113761777e-08
9.375187627841935e-08
1.043689603293456e-07
5.60107054394539e-08
6.241763010106734e-08
4.824758839660083e-08
9.255487068743975e-09
-2.171637339874488e-08
-2.304914703921301e-08
-1.895086413399408e-08
3.722864313073137e-09
6.685420263208657e-08
1.315772585567948e-07
1.855787500892945e-07
1.405190574243714e-07
1.254260978039682e-07
8.527658824444536e-08
2.828001998719101e-08
-2.853995982495416e-08
-5.119576352005779e-08
-3.74121912279632e-08
-4.215230485795338e-08
-2.215206318177927e-08
3.721497072360673e-08
8.382239382653084e-08
7.140617510903328e-08
3.353438109586713e-08
4.017965934235069e-08
7.132792951252252e-08
2.5740752458024e-08
3.678379169836737e-09
-2.920684930409841e-10
1.332111063437638e-08
2.185115185842138e-08
6.623777792105786e-09
-2.413653307170977e-08
-7.033794158430511e-09
2.663989593280708e-08
4.686991482162667e-08
5.648629387374037e-08
6.941407273132581e-08
4.593885846940396e-08
1.008373208575154e-08
1.123395839551731e-08
2.392741552661196e-08
8.214642197196891e-09
-2.951079465704795e-08
-2.507338788433329e-08
6.947683409648218e-09
3.033516558434897e-08
3.988844122537983e-08
4.69974630269046e-08
5.7146987537775e-08
4.870501491273419e-08
3.42573921697579e-08
2.380003030346325e-08
2.21651293372353e-08
7.166642740128034e-09
-8.460763462431726e-09
-4.015915147862116e-09
1.33693832997527e-08
3.261035333653225e-08
4.311809945967001e-08
4.951992144240849e-08
3.422243288777983e-08
1.231729737067673e-08
-2.620535046985928e-08
-8.827027302471797e-09
-1.219488496770679e-08
-1.105826085757403e-08
1.437361130685017e-08
2.191286420592632e-08
3.345059843914965e-08
1.974791942807847e-08
2.268201660705908e-08
2.140479414879354e-08
1.232162868172231e-08
3.461908420583745e-10
-3.72635607555379e-09
-6.687825933649598e-09
-7.212999136205214e-09
5.443279631422702e-09
2.676677881270225e-08
5.557827809009213e-08
4.853289481373322e-08
4.807774081411946e-08
4.293895648066092e-08
3.015619229312336e-08
7.289027088414812e-09
-8.425210301731681e-09
-7.410290352290615e-09
-1.195623726322249e-08
-1.335085323825247e-08
1.119786409741035e-09
1.955927303610181e-08
2.351760600676675e-08
1.310232001595797e-08
9.463869205363369e-09
2.202077402437121e-08
7.996147460354643e-09
3.028052687228064e-09
7.589483459344905e-10
3.045374850807361e-09
6.397384904077836e-09
4.342413040231975e-09
-3.779008098456534e-09
-3.876161404785568e-09
2.338068558295788e-09
8.40104480662211e-09
1.15883037821762e-08
1.76298095919844e-08
1.604219587458713e-08
8.552316427028401e-09
6.030169665144386e-09
8.614002587009149e-09
6.794122616169915e-09
-1.636873938262525e-09
-6.055438863824022e-09
-1.495873819209637e-09
3.125060744543954e-09
6.321971767113471e-09
8.035875190563517e-09
1.213422007799086e-08
1.250918955714737e-08
1.074907376473295e-08
8.188626724901519e-09
7.986818079460586e-09
5.305129603998508e-09
8.264877956908129e-10
-8.860886659335709e-10
1.333174804205219e-09
5.12594834465915e-09
8.456365760063778e-09
1.184242850264818e-08
1.157501927385635e-08
7.155702838573582e-09
-1.716551966380633e-09
-3.153261714125808e-10
-2.022890120342181e-09
-4.294662123610054e-09
4.716860430438096e-12
2.233354805708713e-09
7.462919001700504e-09
5.166389331939018e-09
5.748094526361845e-09
6.253698964324071e-09
5.186475488242204e-09
2.280461901197085e-09
4.97441113187718e-10
-9.835419312462283e-10
-2.75345465263298e-09
-2.171428803509378e-09
1.753256451358413e-09
1.093681761478083e-08
1.176939544538869e-08
1.303770259150182e-08
1.369668582687378e-08
1.219482841518686e-08
6.607103407028425e-09
7.310255322350896e-10
-2.801924785386998e-10
-2.046185968934739e-09
-4.155816829815269e-09
-2.202242534460569e-09
2.842904679005214e-09
5.962742574754253e-09
4.289103459266152e-09
2.000794867245177e-09
5.303734204010993e-09
1.882530007718461e-09
9.484882471661025e-10
3.117056284248715e-10
5.889951963716534e-10
1.368607370973452e-09
1.263908863603593e-09
-3.336537776623383e-10
-9.145001408966338e-10
-1.202846213196992e-10
1.088528625211466e-09
1.741208003661955e-09
3.1242259509817e-09
3.443863738560079e-09
2.455979293712564e-09
1.642816984225288e-09
1.845998098297109e-09
1.795193031451491e-09
5.851810149094839e-10
-8.28459355380072e-10
-5.955630781258199e-10
-4.979500672528141e-12
6.546864780996705e-10
9.549809113532241e-10
1.851693004637186e-09
2.251730981666603e-09
2.235210107301699e-09
1.805541022366085e-09
1.773015292053385e-09
1.438275853532266e-09
6.08860727634297e-10
-2.297759373655822e-11
6.00796110703874e-11
5.817482023012223e-10
1.240095739147224e-09
2.036379484489996e-09
2.452293021773282e-09
1.868224291151839e-09
3.497906199815822e-10
2.164459279456518e-10
-1.623544367935825e-10
-9.064517591376136e-10
-4.456669323035307e-10
-1.076817140784567e-10
1.223480296866197e-09
1.003403015178524e-09
1.08874728403421e-09
1.259783667440743e-09
1.240210063015126e-09
7.557474294421074e-10
3.225888908758021e-10
-3.267079594779167e-11
-5.388316880738673e-10
-8.082540209942798e-10
-4.129086722819157e-10
1.499559220187433e-09
2.073972588972442e-09
2.548810804083792e-09
2.97678270009541e-09
2.934844861596015e-09
2.01999060921523e-09
6.214391489853238e-10
2.06401226482091e-10
-2.311046107189943e-10
-8.753272541749176e-10
-7.771942752695207e-10
2.587203221806605e-10
1.216590674556875e-09
1.072684902006681e-09
4.108410696583529e-10
1.065821157781809e-09
2.527663742490093e-10
1.276093156669719e-10
3.970118621618804e-11
7.320204006353741e-11
1.705145797901448e-10
1.56435581064031e-10
-3.608869608016024e-11
-1.050989743424526e-10
-1.809879990039407e-11
1.133453476368416e-10
1.81637068963181e-10
3.254686984053622e-10
3.600113818434465e-10
2.590656645375046e-10
1.715856652635553e-10
1.885289370756329e-10
1.854831639429085e-10
6.542033082177595e-11
-8.29141178188818e-11
-6.405560134660633e-11
-6.822312772460239e-12
6.083184097810963e-11
9.200119258581727e-11
1.863060064951585e-10
2.320977354108536e-10
2.349617065212556e-10
1.916955245184436e-10
1.895789054450352e-10
1.563045261568858e-10
6.777915278335685e-11
-2.343420872928133e-12
3.625611604175222e-12
5.787899896462872e-11
1.298163421364471e-10
2.195103404404217e-10
2.721688839011812e-10
2.090514669285769e-10
3.812618104109817e-11
2.201693015589934e-11
-1.950796163275506e-11
-1.043963527924345e-10
-5.540506438595363e-11
-1.923881011686203e-11
1.325465247875885e-10
1.108795156616957e-10
1.203527222696008e-10
1.397943940914694e-10
1.386740902037719e-10
8.462231122714533e-11
3.535482890576035e-11
-4.371437720489087e-12
-6.117247405359135e-11
-9.333017760082011e-11
-5.343748560393812e-11
1.564279012598018e-10
2.251372624437763e-10
2.834568244743916e-10
3.403793311817064e-10
3.429496938355157e-10
2.41754356763527e-10
7.485872566004273e-11
2.524283584098625e-11
-2.825701339817469e-11
-1.098623010126435e-10
-1.011395355135984e-10
2.936823676549171e-11
1.57615180809858e-10
1.438918842996745e-10
5.507291070187247e-11
1.417762648523835e-10
)
;

boundaryField
{
    inlet
    {
        type            cyclic;
    }
    outlet
    {
        type            cyclic;
    }
    topWall
    {
        type            zeroGradient;
    }
    bottomWall
    {
        type            zeroGradient;
    }
    front
    {
        type            symmetry;
    }
    back
    {
        type            symmetry;
    }
}


// ************************************************************************* //
