/*--------------------------------*- C++ -*----------------------------------*\
| =========                 |                                                 |
| \\      /  F ield         | OpenFOAM: The Open Source CFD Toolbox           |
|  \\    /   O peration     | Version:  v1812                                 |
|   \\  /    A nd           | Web:      www.OpenFOAM.com                      |
|    \\/     M anipulation  |                                                 |
\*---------------------------------------------------------------------------*/
FoamFile
{
    version     2.0;
    format      ascii;
    class       volScalarField;
    location    "0.00000026";
    object      nut;
}
// * * * * * * * * * * * * * * * * * * * * * * * * * * * * * * * * * * * * * //

dimensions      [0 2 -1 0 0 0 0];


internalField   nonuniform List<scalar> 
3500
(
6.061142774605727e-12
3.785033980026428e-12
3.411615132152449e-12
1.391543692589332e-12
2.000282694988688e-12
3.112352834919268e-13
5.902612903680758e-14
2.235192547868046e-51
5.238889209810539e-12
2.455857199003388e-12
9.058790957331466e-12
2.872569500414579e-12
7.805128511342059e-16
6.841050580503588e-12
2.593266928484279e-11
2.235192547868046e-51
2.235192547868046e-51
1.003563325414559e-15
2.235192547868046e-51
1.68338989386306e-11
3.104683524517122e-16
2.890981502340743e-12
2.235192547868046e-51
3.495161340413522e-12
5.004850615449154e-13
8.576449389619355e-12
8.958892603165481e-14
5.631818707804784e-12
2.944542701188419e-12
2.235192547868046e-51
2.235192547868046e-51
5.410598999159099e-15
1.053230960395897e-13
6.267215741741537e-13
5.673072082886442e-13
2.669489367706866e-12
9.631220386217718e-13
6.601335855142599e-12
1.016561195970527e-11
4.109927880410156e-12
3.04311181754477e-14
1.49970064569776e-15
2.235192547868046e-51
6.061661299469256e-13
6.341141603244567e-13
6.379672454267649e-12
4.715330180420851e-12
1.070997626742231e-12
1.015505224825393e-12
3.89608907685853e-12
7.252257578318191e-12
7.806938811193247e-13
2.235192547868046e-51
2.235192547868046e-51
1.68916095904118e-12
6.037476120227832e-12
2.202997615061871e-12
1.451809825794192e-12
5.382391129575369e-12
5.669214868191353e-12
9.915172159721874e-12
3.080678536302808e-12
1.723764813774496e-11
1.060977935449771e-11
1.452549196760342e-11
8.707567557975076e-12
3.074492735713e-11
4.653796397122406e-11
3.254987459586624e-11
8.111204405246148e-12
7.091518489824137e-10
4.270441156970986e-10
4.456155752996914e-10
1.531216100337919e-10
2.328246575415281e-10
3.367485592888457e-11
6.187715296223424e-12
2.235192547868046e-51
6.66386850947536e-10
2.940762355704453e-10
1.216407689942242e-09
3.488281994533632e-10
1.042657005613932e-13
8.319737516125287e-10
3.871861186810919e-09
2.235192547868046e-51
2.235192547868046e-51
5.131788319520923e-14
2.235192547868046e-51
2.002411839176142e-09
2.235192547868046e-51
2.878855552133939e-10
2.235192547868046e-51
3.695030933191901e-10
4.855354874579954e-11
9.658923567222745e-10
8.586385456000978e-12
6.290235256274766e-10
3.026013053410884e-10
2.235192547868046e-51
2.235192547868046e-51
5.07640075076366e-13
1.023991475674462e-11
6.721416176309185e-11
6.221536054184163e-11
3.08804381240904e-10
1.061313518042418e-10
8.731023977863596e-10
1.426819315140051e-09
5.136358883945897e-10
2.899370353716386e-12
1.053122438464123e-13
2.235192547868046e-51
6.990180896731172e-11
7.230687542969894e-11
9.019785890674488e-10
6.286684121989229e-10
1.229757699333139e-10
1.171438162354133e-10
5.156032196029145e-10
1.01681792358737e-09
8.744349424804138e-11
2.235192547868046e-51
2.235192547868046e-51
1.980315852567837e-10
8.236797238292888e-10
2.764973969384079e-10
1.789738197353722e-10
7.442970203798288e-10
7.483359123518325e-10
1.337674062126711e-09
3.475277784302499e-10
2.391128848779654e-09
1.291716894253133e-09
1.8296170090046e-09
9.303602946663496e-10
3.520823207913027e-09
4.901844206007176e-09
3.629690627461525e-09
9.88177199483578e-10
9.531066335738079e-09
5.207691881672627e-09
7.846303429508665e-09
1.572680079563332e-09
2.641068959784527e-09
3.54479655394712e-10
5.737903805675952e-11
2.235192547868046e-51
9.385443859035953e-09
3.752402447503926e-09
1.856656858420224e-08
4.623164988707568e-09
3.232928485270914e-12
1.271025597525363e-08
8.263667737842869e-08
2.235192547868046e-51
2.235192547868046e-51
3.227767126172662e-14
2.235192547868046e-51
3.023608201408131e-08
2.235192547868046e-51
2.843614544935645e-09
2.235192547868046e-51
4.439766876296185e-09
5.508234229780723e-10
1.307493276996466e-08
1.591947601744584e-11
7.975187581635152e-09
3.237150767926109e-09
2.235192547868046e-51
2.235192547868046e-51
4.356190272136701e-12
8.98534920961628e-11
8.169472381428586e-10
8.157084629700874e-10
4.391984463053027e-09
1.307419803506806e-09
1.730565446800287e-08
3.118650069972252e-08
8.93791301170408e-09
2.646684501380973e-11
1.542114089847979e-12
2.235192547868046e-51
1.015979463761887e-09
9.866402058389768e-10
1.967836635244973e-08
1.237049842495139e-08
1.716783973411271e-09
1.677596369467345e-09
1.020077350156801e-08
2.127833902939433e-08
1.13404024490181e-09
2.235192547868046e-51
2.235192547868046e-51
2.851834096398993e-09
1.633776895603964e-08
4.599753217364144e-09
2.677558202605565e-09
1.290070589254738e-08
1.116784806327881e-08
2.017205667363904e-08
3.501911151099055e-09
3.6593940664216e-08
1.364092934630662e-08
2.299280736810425e-08
9.168818094176082e-09
3.612846872081574e-08
4.725587361974973e-08
3.944388942587886e-08
1.378026646943859e-08
7.137018246780606e-08
2.704287596489722e-08
7.237298466638621e-08
6.517689598360269e-09
1.468931217589626e-08
2.162842731460954e-09
1.866951208129413e-10
2.235192547868046e-51
7.018875827428961e-08
3.066821423093849e-08
1.466216020641056e-07
3.635146705542314e-08
2.110372689207633e-10
1.465316867297716e-07
6.362203402921892e-07
2.235192547868046e-51
2.235192547868046e-51
2.235192547868046e-51
2.235192547868046e-51
2.216658350332053e-07
2.235192547868046e-51
1.001015517149273e-08
2.235192547868046e-51
3.261372999574994e-08
5.706581207615667e-09
1.014100663479645e-07
2.235192547868046e-51
4.861340741709968e-08
1.689775810548062e-08
2.235192547868046e-51
2.235192547868046e-51
1.208083534776227e-11
2.178141157411547e-10
6.337795782125473e-09
8.521575365468012e-09
3.812905920030275e-08
8.405867010618923e-09
1.819136966733153e-07
3.341187640120091e-07
9.017102030834453e-08
1.143806327402865e-10
1.011691467737342e-11
2.235192547868046e-51
9.778401699127734e-09
6.869547961537046e-09
2.265315614224811e-07
1.218559942578331e-07
1.458563876805809e-08
1.476833807150524e-08
1.073671589152512e-07
2.051483049204951e-07
8.556131752639987e-09
2.235192547868046e-51
2.235192547868046e-51
2.281238649886423e-08
1.575668826475442e-07
4.412297597102041e-08
2.203802130774358e-08
1.133692880534319e-07
7.512813204530906e-08
1.400046676129667e-07
1.460027298696743e-08
2.675965186469513e-07
5.499813943400133e-08
1.620287449044639e-07
5.400944070059436e-08
1.597569374656176e-07
1.801625982477809e-07
1.166424961696769e-07
9.598942078432669e-08
3.714051948177321e-07
3.898651750633469e-08
4.489840669505521e-07
1.526676409542619e-08
5.070870947598939e-08
1.285215631108682e-08
2.215263094274822e-10
2.235192547868046e-51
3.346156316471492e-07
2.408775207422786e-07
7.387198039977562e-07
1.559738785231992e-07
1.230552919115849e-08
1.182671239979509e-06
2.139397053274993e-06
2.235192547868046e-51
2.235192547868046e-51
1.245484144818891e-09
2.235192547868046e-51
5.498997014260844e-07
5.080195852143616e-12
1.816498321942353e-08
2.235192547868046e-51
1.907138065505021e-07
8.357807492166301e-08
3.431432985134636e-07
2.235192547868046e-51
1.228870655847851e-07
5.413074329038018e-08
2.235192547868046e-51
2.235192547868046e-51
2.465442686749932e-12
6.158809987634842e-11
5.622791273200797e-08
1.547273031409874e-07
2.411740247971015e-07
3.606559602541879e-08
1.245474313613162e-06
1.870978743868532e-06
6.420625999932027e-07
9.250511868277382e-11
2.235192547868046e-51
2.235192547868046e-51
9.302183617305009e-08
2.91765522646465e-08
1.777006241424479e-06
7.392892416241642e-07
8.906914723722712e-08
9.546429742342107e-08
7.627176622531418e-07
1.104737475211168e-06
4.567042306157731e-08
2.235192547868046e-51
2.235192547868046e-51
1.091618358133503e-07
9.292295553429083e-07
3.12925516375909e-07
1.228254025062935e-07
6.674293855538196e-07
2.45927578611596e-07
5.450937110879252e-07
3.552108859163693e-08
1.037318310520949e-06
1.551729444494233e-07
5.761761206263837e-07
2.281347748494348e-07
4.11982599354514e-07
3.670796724395491e-07
1.1211689024186e-07
4.589931416955556e-07
9.005319312787952e-07
1.811054420681769e-07
1.847530621653099e-06
7.159653279984062e-08
1.179441438459993e-07
5.796833465859686e-08
1.56330082924011e-09
2.235192547868046e-51
8.601179382284497e-07
1.301812812701424e-06
2.312052904812146e-06
4.398764931606225e-07
1.888533980492814e-07
2.849341715126852e-06
3.598121882178361e-06
2.235192547868046e-51
2.235192547868046e-51
4.949109523532329e-07
2.416721027702768e-10
6.24423081945479e-07
1.588274320869282e-07
2.962803768945411e-07
1.269842665294582e-11
1.001443779795944e-06
4.716845797999171e-07
4.565367636658463e-07
1.201320385005294e-09
1.175485918035214e-07
1.118704241864786e-07
2.235192547868046e-51
1.778589740948906e-09
6.880558166966036e-11
7.119296690519816e-10
4.477632534119326e-07
1.808460451420564e-06
1.295980483812087e-06
9.957885874388367e-08
4.844993292923501e-06
5.221713140424193e-06
3.28179617932433e-06
2.235192547868046e-51
2.235192547868046e-51
2.235192547868046e-51
9.988871129201462e-07
2.298895142751957e-07
6.462086194387979e-06
2.659532093915081e-06
3.536643083254922e-07
5.189205460533002e-07
3.226461263409167e-06
3.447735504697183e-06
1.530271546893561e-07
2.235192547868046e-51
2.235192547868046e-51
3.775070040436956e-07
3.518999633317081e-06
1.735282312290795e-06
5.317866414391941e-07
2.468023889417884e-06
4.028264732835584e-07
1.11851079781356e-06
1.396515764522742e-07
2.133543396071605e-06
5.234920963905861e-07
1.139274449017206e-06
6.109674499640555e-07
7.681873076249076e-07
7.265542085486979e-07
1.352733622511042e-07
1.662035516881971e-06
2.125669489885516e-06
1.962298061434518e-06
4.173293241066076e-06
4.637694722223331e-07
2.025239879968946e-07
1.850173535738817e-07
8.068614535703835e-08
2.235192547868046e-51
8.64696277629652e-07
3.664281893215647e-06
3.986712210452872e-06
1.222019191318664e-06
1.150233648953182e-06
2.555017950171325e-06
4.417595114473875e-06
2.235192547868046e-51
4.213890695237192e-08
7.256921209521384e-06
2.015552288044736e-06
2.247287334426103e-06
2.742048469930769e-06
3.143327893873823e-06
5.638631453093599e-08
3.167858408997689e-06
1.320473585107212e-06
1.670530555577595e-06
1.973472343207997e-06
2.221260416278728e-07
4.53681223300658e-07
9.681508697093037e-09
2.213810676587716e-07
1.157895581809961e-07
9.516615504104905e-09
2.567345721405882e-06
6.579184660193009e-06
4.765445120933347e-06
6.093386868156782e-08
1.129645784947924e-05
1.113956936559713e-05
8.556829832941594e-06
2.235192547868046e-51
2.235192547868046e-51
1.48972692514376e-07
5.949404361710935e-06
3.630167068232606e-06
1.208881197648641e-05
5.147217650536492e-06
7.51341956718057e-07
2.53208058072888e-06
7.210268741658606e-06
6.750590640272782e-06
2.291493518716249e-07
2.235192547868046e-51
2.235192547868046e-51
8.642831641774134e-07
9.174689540465313e-06
6.025099283410837e-06
2.047891333380868e-06
4.977815151812264e-06
3.84232224984501e-07
1.405299869445138e-06
1.299819998069128e-06
2.627763969064687e-06
1.526241606107188e-06
1.375700919044423e-06
1.080972594447176e-06
1.369435936388224e-06
2.245960618348832e-06
6.31683348197012e-07
3.137388129760847e-06
6.476825365624748e-06
6.341712969127665e-06
5.780846520473518e-06
1.176297885876887e-06
2.92948780410042e-07
7.200789046490317e-07
1.133106636628511e-06
1.616535809418463e-08
1.374726741879047e-07
6.915118661523732e-06
3.300053300937262e-06
3.27980624198052e-06
4.127366931960098e-06
9.214199034469311e-07
4.663141320229448e-07
2.235192547868046e-51
7.809341458781961e-06
1.723661632008678e-05
1.395338411036323e-05
9.014682037291734e-06
9.656090897999724e-06
5.757117698796663e-06
1.875111378179243e-06
7.317841630143367e-06
3.553403362604408e-06
7.064904932426344e-06
1.357933754430548e-05
1.549428878820175e-06
3.620491480945922e-06
1.068236965678524e-06
2.568754189267989e-06
2.334774261713815e-06
3.120239532529919e-07
8.717661291109792e-06
1.234672976719764e-05
9.001065539368223e-06
2.065596401625844e-07
1.851517470508206e-05
1.74046054513995e-05
8.906476825310462e-06
1.147918603265328e-07
3.771059814255246e-09
1.674451864454099e-06
1.405906301038089e-05
1.58180417995702e-05
1.659054864981844e-05
4.770756742126556e-06
5.554742084895803e-07
7.649745085713956e-06
1.336132249215365e-05
6.624717811196802e-06
4.188851396794165e-07
2.235192547868046e-51
1.032213869681464e-08
1.48632118202156e-06
1.650582695611465e-05
1.060688108038584e-05
5.427197394301102e-06
5.452908517347619e-06
6.019319497910073e-07
3.363800570228669e-06
6.082013786488538e-06
1.707866908626243e-06
2.486058683209409e-06
2.032139693979853e-06
2.211521990893792e-06
4.40606760768066e-06
6.424734713383058e-06
3.727961625890521e-06
2.85205050184662e-06
1.206407239471892e-05
8.628252388879354e-06
4.51127601833362e-06
1.539477015797884e-06
4.781793512677147e-07
3.516115417394809e-06
4.951892103369848e-06
6.216446445915903e-07
2.235192547868046e-51
1.052838429067111e-05
5.939842163797576e-07
5.842461850057929e-06
1.027959534903289e-05
1.030353433346228e-06
2.235192547868046e-51
2.235192547868046e-51
1.738839011168413e-05
2.381489750590563e-05
3.238837557063444e-05
1.604970600316757e-05
2.476244017894142e-05
6.841571886918826e-06
1.226702032556579e-05
1.631684807647e-05
1.021439327849799e-05
2.025440912415639e-05
3.089130515791123e-05
2.235192547868046e-51
1.404522225841207e-05
1.117227757020632e-05
1.085084700779617e-05
9.969307643301475e-06
8.280531637793662e-06
1.97261669050427e-05
1.392603828281038e-05
6.546851855945089e-06
3.995331174324227e-06
2.435496306081671e-05
1.311370730495375e-05
1.564088134471411e-06
1.368846202217331e-05
1.038760304438227e-05
2.887673810693416e-06
2.22689005845199e-05
3.101772248389092e-05
1.929649666777721e-05
7.885238549738829e-07
6.900360480807267e-08
1.70449500640455e-05
1.92377714697922e-05
4.681065481469201e-07
5.881950773280507e-06
4.433412710426492e-06
7.168555038911297e-06
3.414326478451953e-06
2.260369422746998e-05
1.198876526637423e-05
7.211544941324018e-06
2.992744404366255e-06
3.104737665718015e-06
1.23640323795913e-05
1.508253723937799e-05
9.359327287150871e-07
4.667154297208765e-06
6.074039533538957e-06
7.780075478513639e-06
1.297212719573024e-05
1.431254844320105e-05
9.708881444074345e-06
4.207837791442605e-06
1.604943344372868e-05
5.077761627036832e-06
7.805166576175021e-07
8.196463776048853e-07
1.308807967948284e-06
1.139973976442755e-05
1.179772412091972e-05
3.615924615642554e-06
2.235192547868046e-51
1.31206102226908e-05
6.27972194770834e-09
9.020299458797454e-06
1.929370299810858e-05
6.680147831011898e-06
2.235192547868046e-51
4.571622904877811e-08
2.455448045576785e-05
2.492225519557845e-05
4.971666520890458e-05
2.811386398844222e-05
4.3092137661325e-05
1.353871706949203e-05
2.967854522703482e-05
3.135893135145552e-05
2.560417506620987e-05
3.789812349058167e-05
4.624245524033685e-05
1.255009778783017e-05
2.80267405719407e-05
3.34655794449286e-05
2.788502078553265e-05
2.733651609872638e-05
3.289904731741221e-05
3.190546909166171e-05
9.643496781973303e-06
2.444565081293613e-06
2.347881307249869e-05
2.910030907221446e-05
2.401510257036523e-06
2.235192547868046e-51
4.682705308364272e-05
2.962297177659208e-05
9.564934838406964e-06
3.261908323777729e-05
4.165089081956003e-05
1.767617497413248e-05
2.235192547868046e-51
4.564200264936907e-07
2.655110199107524e-05
2.15065964041609e-05
2.235192547868046e-51
1.821871522464513e-05
2.707707447059412e-05
2.535330011836349e-05
1.132269791680036e-05
2.743419685634782e-05
9.990788231811438e-06
6.048890173808241e-06
2.060554956986285e-06
1.322449007160092e-05
2.64381130957885e-05
2.596910752705389e-05
2.741500991359079e-06
1.15964220348548e-05
1.561861049612861e-05
1.980047685422224e-05
2.751175310364e-05
2.74461988967833e-05
2.052547373356524e-05
1.065849019815153e-05
2.072617040930693e-05
3.869576655911366e-06
4.282625004271035e-08
4.838750053286283e-08
4.870013767116142e-06
2.524226330731957e-05
2.159231527370464e-05
9.554969606001216e-06
2.235192547868046e-51
1.659901866669047e-05
9.433586762976135e-07
1.723623651281993e-05
3.193033748978185e-05
2.467933180285108e-05
5.919744715762701e-06
9.457721533234393e-06
3.479079880853879e-05
3.04797677063093e-05
6.586388667708892e-05
4.732037995474746e-05
6.353753289952332e-05
3.325605921927832e-05
5.062051836476268e-05
5.079980951954905e-05
4.870342251414303e-05
5.806128940012902e-05
6.115975914876975e-05
2.369836032043875e-05
4.618882661461533e-05
5.744702107142589e-05
5.025660121613325e-05
5.165667475893441e-05
5.846883301412099e-05
4.8268362994666e-05
9.061239994091588e-06
6.524520722572383e-06
4.786742543732408e-05
3.455904515891611e-05
8.51778378334726e-07
3.276751006052164e-06
6.982467172777987e-05
4.903185251089606e-05
2.823416327380001e-05
4.522434150366116e-05
4.709839914418893e-05
7.796962731583611e-06
2.235192547868046e-51
1.06081830570669e-05
3.473791097877214e-05
2.036085975868946e-05
2.235192547868046e-51
3.36144650008376e-05
4.802429942354761e-05
4.409124942224484e-05
2.901412903188704e-05
3.119950573592002e-05
8.300243323119981e-06
8.114505125109101e-06
8.763189415997771e-06
3.21565876425616e-05
4.143745487886648e-05
3.832579275373882e-05
1.31818889323554e-05
2.556388483884425e-05
3.011293094741173e-05
3.681192734252278e-05
4.612330456613015e-05
4.559883816903023e-05
3.638330084156624e-05
2.368900288950793e-05
3.136402970487737e-05
9.100355542732726e-06
1.003971448579802e-07
2.235192547868046e-51
1.616509944888277e-05
4.348046971129965e-05
3.499054987396763e-05
1.878945617961326e-05
1.4552440637819e-06
2.238179123462152e-05
1.255511690446221e-05
3.326643675221416e-05
4.893673205748526e-05
4.900213623230308e-05
3.90828469274884e-05
3.720388223834129e-05
5.344880770050952e-05
5.141541986861134e-05
8.326250237125152e-05
7.202601963688728e-05
8.706636032688264e-05
6.208094363722393e-05
7.5013091772529e-05
7.39705088254971e-05
7.618639140796708e-05
8.131970189741256e-05
7.898623309336601e-05
4.74832205241107e-05
6.944419147803882e-05
8.248637616723356e-05
7.603149012035003e-05
7.93265661771351e-05
8.291138713381465e-05
6.873983296102758e-05
2.706441952751674e-05
3.347309122050813e-05
7.14542507876448e-05
4.491702094238837e-05
2.392456824364917e-05
3.615974430463196e-05
8.871302536622885e-05
6.876936757351121e-05
5.394077938833015e-05
6.019183204308046e-05
5.153703047055116e-05
1.85570261972051e-05
1.647877388996471e-05
3.74829053763656e-05
4.477189053920094e-05
2.743031473377622e-05
3.055014375991256e-07
5.158196066991306e-05
6.610998040440673e-05
6.123165460374584e-05
4.997099094861288e-05
3.755568455370254e-05
1.68181344926491e-05
2.297670613935684e-05
3.183165232497178e-05
5.412303255032587e-05
5.660467044733058e-05
5.310547958787743e-05
3.459777529564886e-05
4.430231226232161e-05
4.78309959320583e-05
5.67373041842673e-05
6.73836666277744e-05
6.707382535651942e-05
5.565297140703486e-05
4.106530267893498e-05
4.866368772492743e-05
2.48698884810603e-05
3.323023441602623e-06
1.088030107242177e-07
3.354158196876296e-05
6.440065241362072e-05
5.217583074473068e-05
3.376820882735961e-05
1.524097923572662e-05
3.22017641838988e-05
3.554120450739225e-05
5.451307767065361e-05
6.994075032082291e-05
7.614158385051335e-05
7.561908070705413e-05
7.173688858097377e-05
8.102676826565687e-05
8.426167134246628e-05
0.000105395043713472
0.0001022236904595645
0.0001154296599244913
9.604181846131239e-05
0.0001045706168887389
0.0001021636849599363
0.0001083485037961975
0.0001093779741932371
0.0001024850808594075
8.084590308142399e-05
9.912172066831146e-05
0.000110944904309791
0.0001062273232602765
0.000110580748961553
0.0001087363803576989
9.265271283263976e-05
6.075789594985875e-05
7.113072418250525e-05
9.607411780701955e-05
6.519659854970701e-05
6.117419176000288e-05
7.489481483410959e-05
0.0001081248476110695
9.144668289826133e-05
8.208042420317083e-05
7.899251289141196e-05
6.255623169661826e-05
4.898128618052445e-05
5.453981420879254e-05
6.733512739399793e-05
6.156032437939914e-05
5.011740265889134e-05
4.262047358520327e-05
7.304783273932992e-05
8.422304514599238e-05
7.92010530305881e-05
7.043550707454084e-05
5.425947883664463e-05
4.298076010827003e-05
4.998039227208087e-05
6.166839399714221e-05
7.641515196442514e-05
7.301135060877213e-05
7.131240067926505e-05
6.02243511360546e-05
6.535446617635404e-05
6.809652016174321e-05
7.913499358807411e-05
9.13260846705868e-05
9.136139164285853e-05
7.759107502176679e-05
6.125153344117876e-05
7.082053246633277e-05
4.94547847777956e-05
2.26452382428746e-05
1.015528997454434e-05
5.25483516303023e-05
8.419615840842303e-05
7.289759269664887e-05
5.647380285248844e-05
4.34304167078554e-05
4.758248790863384e-05
6.051220687526953e-05
7.858941097476635e-05
9.505058517289455e-05
0.0001073707380243204
0.0001145356933911007
0.0001111955831912907
0.0001174737713927453
0.0001253872769413187
0.0001364900548399498
0.0001399642535724261
0.0001509758143923682
0.0001365828512254858
0.0001416573250927665
0.0001377977006927354
0.0001472594800726106
0.000144499024249354
0.0001345656676805274
0.0001222763703301785
0.0001370100497838139
0.0001454619804042442
0.0001427525783341573
0.000146795213351674
0.0001386398910257347
0.0001221608373990608
0.0001015217394162312
0.0001121014494203212
0.0001246645349666871
9.658950850381485e-05
0.0001014559159557743
0.0001138068174978492
0.0001315180079966304
0.0001195529238601026
0.0001135003070111542
0.0001040205045037837
8.659458001160743e-05
8.455468010722407e-05
9.239931138488266e-05
9.902376322734058e-05
8.72776498181442e-05
8.12517634600185e-05
8.341239054853932e-05
9.891908904386303e-05
0.0001056807820208011
0.0001009347618633429
9.407403229798565e-05
8.080554397522123e-05
7.564018561061923e-05
8.199637819067594e-05
9.245772954820204e-05
9.940480933672944e-05
9.243818543123246e-05
9.361091480916949e-05
8.730854758069277e-05
8.846757311486372e-05
9.135365625621433e-05
0.000104672931031712
0.000118682151587658
0.0001190002330233509
0.0001027037047359395
8.440748429015174e-05
9.720435638130832e-05
7.763162533782268e-05
5.20510757126289e-05
3.833617542458182e-05
7.006655398825118e-05
0.0001003466496009384
9.653181160482149e-05
8.623446066344454e-05
7.784535218242668e-05
7.081085877078358e-05
8.758195608798298e-05
0.000106618727706295
0.0001252656526855914
0.0001448109923488214
0.0001596701969403626
0.0001581855984202677
0.0001641826448487403
0.0001759945656372663
0.0001805213356269764
0.0001881029451381777
0.0001965292675950668
0.0001865112182722411
0.0001888997049898734
0.000183935704655112
0.0001952828799404578
0.0001895104628296784
0.0001786380485897403
0.0001741804737221842
0.0001850743681910903
0.0001888541547846893
0.0001875484657501878
0.0001895821531251651
0.0001758024894022602
0.00016135871475082
0.0001498821148881125
0.0001587834510225094
0.0001607970769239536
0.0001392064762057429
0.0001474304408919328
0.0001566977610299044
0.0001626644584588034
0.0001553913672298151
0.0001506742203216028
0.0001381071527159078
0.0001237977792154243
0.0001268069804183157
0.0001344084713485149
0.000135923299633282
0.0001229095623946289
0.0001204694962173765
0.0001266267371059238
0.0001316705857276626
0.000134266125497652
0.0001298929909253918
0.0001250303183720503
0.0001154145451847541
0.0001125718840566524
0.0001183765613730296
0.0001256335809369705
0.0001259874897480487
0.000118285151756703
0.0001218357983170944
0.0001175556238708425
0.0001158063763153401
0.0001194619989553537
0.0001342368540962031
0.0001502870621146138
0.0001508402490575251
0.0001320013363850553
0.0001115604802374679
0.0001284839138408253
0.0001090001216752505
8.170291714994666e-05
6.639870496269812e-05
8.523544078095479e-05
0.0001127712218585234
0.0001195568953216107
0.0001214345020133874
0.0001186584188155683
0.0001033209088552043
0.0001200846247331062
0.0001413719570518171
0.0001626262169430173
0.00018719953837027
0.0002111618504391933
0.0002125409701258791
0.0002203926505192691
0.000237239079266337
0.0002391685838284648
0.0002494155197096849
0.0002553216400271425
0.0002488682998018409
0.000249188126163467
0.000243928360991907
0.0002550773667689763
0.0002478737621863803
0.0002383970219725964
0.0002391924980847856
0.0002453127817508279
0.0002441181007176326
0.0002426671794604011
0.0002411963864737276
0.0002244872884517348
0.0002136565032784892
0.0002083294620400277
0.0002138563703550372
0.0002088131210730921
0.0001945758870469239
0.0002022796688678427
0.0002070394585142839
0.0002055979835302338
0.0002015090288493688
0.0001968993285501865
0.000184431093966906
0.0001739823238860612
0.0001783593073008923
0.000183688146018859
0.000181855191170456
0.0001703602900672852
0.0001697899007732054
0.000175359588733808
0.0001741158665193364
0.0001734967993669633
0.000169316638949218
0.0001655284777809131
0.0001592390832471195
0.0001564151346218058
0.0001612030481743661
0.0001640444283245642
0.0001598652547303277
0.0001536552909097493
0.0001581373392442224
0.0001538954472565318
0.0001505790532560995
0.0001554832650001295
0.000170903922573684
0.0001869221440248889
0.0001878116820817256
0.0001665892258050172
0.0001439497123459507
0.0001657770345349522
0.0001451678133962158
0.0001141127083173327
9.458012988268065e-05
0.0001011170334968104
0.0001233334501955098
0.0001399723400462982
0.000157913953833759
0.0001652136115934317
0.0001425859053482106
0.0001578890991442255
0.0001817291786854502
0.0002049787717343069
0.0002336475337698961
0.00026556607673445
0.0002719056566013764
0.0002831344229620153
0.0003060512393787297
0.0003083553161619562
0.0003225404333801544
0.0003280978287332885
0.000324777169163362
0.0003240873550573
0.0003194607681421651
0.0003294522576262454
0.0003227836515847112
0.000316433961907254
0.0003193460678519682
0.000319991720220585
0.0003143669197902198
0.0003106784532807379
0.0003052260092184476
0.0002891534661740649
0.000281703517293718
0.0002793690390641324
0.0002807475005236268
0.000273044324639475
0.0002644381622214988
0.0002689095654104328
0.0002689494378866871
0.0002641282682876794
0.0002611465064434367
0.0002562227368007863
0.0002458110555141652
0.0002383437397007118
0.0002417720190378376
0.0002439815599825116
0.0002405607136672108
0.000231549594543423
0.0002311397995458565
0.0002336700462608807
0.0002290901972254912
0.0002257681851887917
0.0002208527701317095
0.0002173150122652336
0.0002133214663255781
0.0002104584706736477
0.0002121746840449546
0.0002103808962251241
0.0002040872221529256
0.0002001705666707941
0.0002038120977696499
0.0001986457290385076
0.000195095671833997
0.000201350481995028
0.0002164421621626187
0.0002306794567780616
0.0002309329589129879
0.0002075276585295644
0.0001827679737022861
0.0002103052794225779
0.0001879551932211962
0.0001534279604750951
0.0001273218092818044
0.00012245025834466
0.0001367244345171925
0.0001590948269542079
0.0001905573209179793
0.000210772831736524
0.0001869671381027873
0.0001982224087390388
0.0002233698273381329
0.0002486369969452905
0.0002811543499917068
0.000320205695827739
0.0003330193883781193
0.000348875954838504
0.0003768625351546505
0.0003821434031740074
0.0004001942592884872
0.0004070610107450692
0.0004073810886295107
0.0004073829705757119
0.0004050456485608888
0.0004154548874516021
0.0004115417701814928
0.0004100954680649131
0.0004143063351138243
0.0004107356595186355
0.0004015187518279807
0.0003943594292808644
0.0003855622957212151
0.0003714875510486474
0.0003659529585975663
0.0003646029320734042
0.0003629790114097644
0.0003553378505280252
0.0003495669009214868
0.0003502356211093377
0.0003468304421378721
0.0003408670604004152
0.0003372732513615882
0.0003319829710523988
0.000323547396666062
0.0003178130244639883
0.0003191365627904009
0.0003188258358850491
0.0003148585316862507
0.000307815146870945
0.000306225916889597
0.0003053276911714605
0.0002987520531634317
0.0002926991046222552
0.0002860335881929818
0.0002822356811141539
0.0002793742926606296
0.0002759764731101483
0.0002730772027468232
0.0002673690848790527
0.0002607835260523787
0.0002584418582894095
0.0002597074737234114
0.0002535382917734552
0.0002506886679558815
0.0002578113293946054
0.0002714182173442961
0.0002826182501084542
0.0002808470393713044
0.000255672695572239
0.0002290674626400903
0.0002632580028369229
0.0002391389143184823
0.0002017953163419225
0.0001681854140144327
0.000153080691486861
0.0001576326604861155
0.0001786485315077705
0.0002150802795765574
0.0002455929565661176
0.0002329988644507759
0.0002397105700416293
0.0002635029270626491
0.000290580538558981
0.0003264506015652521
0.0003713792968484295
0.0003918594543256091
0.0004138698829170985
0.0004449379685207928
0.000455417187681258
0.000475819426302625
0.0004846746688741374
0.0004886204679415058
0.0004907677162225307
0.0004926768553193514
0.0005039208609761774
0.0005053109555263619
0.0005093098840392543
0.0005142919037313305
0.0005085507427555248
0.0004969343278862097
0.000486855343707318
0.0004759364586747884
0.0004641589152190753
0.0004602837953927968
0.0004596655099799764
0.0004570676085900953
0.0004505798393069639
0.0004462060437347866
0.0004443954375492045
0.0004392886531823602
0.0004326468631373429
0.0004277593572624717
0.0004221639091620862
0.0004152678371689725
0.000410640269709283
0.0004101767404540558
0.000408464296474534
0.0004043409516284244
0.000398418287230824
0.0003951576152160044
0.0003912276251579595
0.0003829646459676775
0.0003743271163172112
0.000365426446111542
0.0003607803514337607
0.0003582279682324539
0.0003539733549264621
0.0003460382056781547
0.0003372873805620977
0.0003308693425585104
0.000328392294213524
0.0003263725578171076
0.0003195118758096784
0.0003175074488562924
0.0003243809309964096
0.0003353353265977431
0.000342622314940125
0.0003375786395454517
0.0003115820585355807
0.000283704215704705
0.0003257048763664417
0.000300513461399665
0.0002619294005528517
0.0002214161070027067
0.0001967277992684441
0.0001898720475804917
0.0002018147506605063
0.0002316574587450357
0.0002648439795869373
0.000270619736745518
0.0002801692297849057
0.0003006960728913057
0.000328453134238986
0.0003661737089245948
0.0004137463376531191
0.0004433532401816102
0.0004728762639242926
0.000505107156498269
0.000522534845425063
0.0005436759809538915
0.0005552923911121218
0.0005631289084602739
0.0005690709873033358
0.0005761059430625301
0.0005886030896385554
0.0005953877949983556
0.0006026045484006253
0.0006062096831316533
0.0005991012427250718
0.0005867302453344245
0.0005754044876163332
0.0005649025475724841
0.0005567164146936857
0.0005548292521709976
0.0005549726881060622
0.0005530070926833865
0.0005486357758105339
0.0005452710895763479
0.0005421738891893235
0.0005366435513904481
0.0005301550784160947
0.0005247420409504448
0.0005195070063673231
0.0005143235835472893
0.0005108858580176386
0.0005096315211660173
0.0005074720337458874
0.0005035766815966147
0.0004983611536741764
0.0004936653098909914
0.0004874542572274932
0.0004780063918425979
0.0004676308538063422
0.0004570116227432219
0.0004510252221712282
0.0004479914963109454
0.0004424839799560385
0.0004326066878927644
0.0004223288965840019
0.0004152611863210214
0.0004106375648805111
0.0004050244374904669
0.0003973572962197214
0.0003947185426804417
0.0003993686546916678
0.0004069096566811536
0.0004098361028592146
0.0004015500443578522
0.0003756414519666622
0.0003473138365161766
0.0003986351548031665
0.0003739158537828654
0.0003358752724846558
0.0002916907531774945
0.0002575754524783027
0.0002385208938346848
0.0002367249515610574
0.0002517651301410845
0.0002765177772654328
0.0002941390479919972
0.0003115404792436768
0.0003328589821138809
0.0003608480591997722
0.0003979180354190021
0.000443534203509076
0.0004813341924361949
0.0005173971154065686
0.0005511493543182808
0.0005752269127091819
0.0005978457903118781
0.0006133172790654916
0.0006257932402853456
0.0006367533285670277
0.0006485067183553209
0.0006620112774315078
0.0006715748043738201
0.0006785776278831932
0.0006795768191183621
0.0006722260836129145
0.0006613614353964134
0.0006517249430861217
0.0006444397775282666
0.0006406777273651357
0.0006411090018470978
0.0006424897215246916
0.0006422191786208618
0.0006402274029710947
0.0006378952654028284
0.0006347048140055316
0.0006298966533690491
0.0006245701457413319
0.000619960206068038
0.0006160245858572023
0.0006127715824590294
0.0006106873008171568
0.0006095014629619301
0.0006075514251690551
0.0006042065355988959
0.000599580050002032
0.0005941666979298532
0.0005869298226533352
0.0005773393678880642
0.0005666248955392953
0.0005555010556486365
0.0005483002110675682
0.0005443960229037348
0.0005397569909330956
0.0005325541838538243
0.000523626743849241
0.0005147547358143858
0.0005064379151966517
0.0004971451861046434
0.0004877423709273259
0.000482509865393791
0.0004822967588451275
0.0004843205550625348
0.0004828017899318276
0.0004720511937586071
0.0004477045656522857
0.0004202476626378369
0.0004826472488271586
0.0004593967548101052
0.0004224220901004989
0.0003778506814137516
0.0003374333779940038
0.0003081682185725338
0.0002927608364005526
0.0002912901825255721
0.000301149036819955
0.0003157124332374351
0.0003340485682403543
0.000356300438793803
0.0003840244224561687
0.0004187822777343997
0.0004603463941060187
0.0005014927384133646
0.0005407681735145906
0.0005760509987008272
0.0006050791068183131
0.0006304879135039839
0.0006507171777074695
0.0006682271457709149
0.0006837800185276195
0.0006983622647711323
0.0007114561226989708
0.0007205773488429361
0.0007255326130399617
0.0007250276698080404
0.0007196986144694402
0.0007131105527312331
0.000708285412394052
0.0007063026253124751
0.0007073800589304148
0.0007107248670246667
0.000714220169628391
0.0007163613522286767
0.0007169162987698702
0.0007162939155305719
0.0007144584818497645
0.0007115395878667415
0.0007083308542730924
0.0007056208187747504
0.0007036304645614414
0.0007023280450933783
0.0007016268544179711
0.0007010674914468461
0.000699764706159942
0.0006972444754690621
0.0006934471587055447
0.0006884186853241141
0.0006817069519509382
0.0006732678572584477
0.0006637233564184301
0.0006536474772601515
0.0006465508982710413
0.0006424541395233881
0.0006389595122785999
0.0006346967524276609
0.0006291760403949178
0.000621773362400862
0.0006113349743379939
0.0005981393446551907
0.0005853626043336045
0.0005758499150614206
0.000569646900430396
0.0005649403345718545
0.000559230796248872
0.0005472847123235337
0.0005266297468164699
0.0005024521834318949
0.000569198762720229
0.0005472330761399668
0.0005133769023491781
0.0004722156711915913
0.0004315763333459986
0.0003975127954360358
0.0003729640323311872
0.0003587683776695525
0.0003542730925081938
0.0003574539043546277
0.000367200375910866
0.000382841167827485
0.0004045010341908028
0.0004326793693522905
0.0004672532172166714
0.0005048907049765311
0.0005420732968294257
0.0005763674121686379
0.0006069514818265715
0.0006340928221621027
0.0006574568499526068
0.000677885035701081
0.0006954579409688092
0.0007103085411641273
0.0007219656599091759
0.0007298520981733765
0.0007341654056381693
0.0007353464251580427
0.0007348470842357322
0.0007347775003940636
0.000736647942125957
0.0007408449004415762
0.0007469103303183231
0.0007538364138574705
0.0007603415445745991
0.0007655279583691241
0.0007691221446047655
0.0007712664317945275
0.0007721562907649703
0.0007721391552624569
0.0007717915726410281
0.000771671749209324
0.0007720281773807466
0.0007727846574278985
0.0007736970910887828
0.000774360355867622
0.0007742610890362539
0.000773100929933276
0.0007708398611608501
0.0007674764348637218
0.0007627899100523523
0.0007568098401859053
0.0007499089580428067
0.0007425742327777156
0.0007373109871106334
0.0007340267039871721
0.0007316138107041745
0.0007290660892586279
0.0007254156609838863
0.0007195469197358233
0.0007104309142109841
0.0006979468492801565
0.0006824808992697162
0.0006670249777287526
0.0006549121438144898
0.0006439738887616421
0.0006350494049685559
0.0006233236950070702
0.0006072641410058882
0.000587125907224404
0.0006356492210576433
0.0006177649303701841
0.0005914406150838807
0.0005589694380670329
0.0005249505832448678
0.0004934581115466026
0.0004671818734355323
0.000447203320328314
0.0004338366850944302
0.0004268635501008213
0.0004261238205384224
0.0004313832927225629
0.0004423876628654599
0.0004586505756524809
0.0004795727979369875
0.0005037307329214232
0.0005300080014312277
0.000556388392379084
0.0005819927302386352
0.0006062720968337168
0.0006287482510000097
0.0006490306353795337
0.0006666212183952484
0.0006812276447697273
0.000692739320739145
0.0007013385512341177
0.0007075854237716343
0.0007123873524988686
0.0007169467787797788
0.000722415041174102
0.0007295397487549781
0.0007384313499261339
0.0007485730452879947
0.0007591236141597353
0.0007692425585586286
0.0007782783641223021
0.0007859121339675081
0.0007921341950874975
0.0007970706496750638
0.0008008613648592277
0.0008038328455454069
0.0008064690107640762
0.0008091013769838542
0.0008117745646292824
0.0008144104714363834
0.0008168295070856773
0.0008187248143816467
0.0008198933622075571
0.0008203692728382752
0.000820192939670773
0.0008191065007605892
0.0008169891292707855
0.0008140711342978269
0.0008107709211311406
0.0008082308803098918
0.0008059007120180949
0.0008034664372526225
0.0008002411866633092
0.0007954048336125547
0.0007882511448066688
0.0007784265812510645
0.0007659569409493471
0.0007513488358133318
0.0007356559210649711
0.000719983671061527
0.0007050424407981206
0.0006914948390832541
0.0006783363107184857
0.0006653272423708256
0.000650184273248903
0.0006582775420970258
0.0006474361888571701
0.0006326811498471329
0.0006139609005617581
0.0005928964201737911
0.0005714193208170308
0.0005513678098340852
0.0005336971483550426
0.0005190794816515734
0.0005079648648974169
0.000500840255893975
0.0004980500419365491
0.0004998272439881845
0.0005059184679679455
0.0005158450343094112
0.000528390454681937
0.0005420653218313171
0.000555749986616423
0.0005691069028460451
0.0005818960506505069
0.0005941261935337619
0.0006059738602281722
0.0006174947386079458
0.000628642711747532
0.0006393797645606551
0.0006496408387553812
0.0006594555460804987
0.0006688567743215074
0.0006781040753368498
0.000687558967252483
0.0006975188495459983
0.0007078675502748587
0.0007183346938924802
0.0007286755732078872
0.0007387784563929849
0.0007482729411377502
0.0007570475901262745
0.0007651010477259574
0.0007725743651025809
0.0007795324704060796
0.0007861211060793394
0.0007926779307895945
0.000799323220680964
0.0008058837681304761
0.0008120607437597422
0.0008175067738938449
0.0008220462843955734
0.0008256399676527791
0.0008286534813881581
0.0008311253037047619
0.0008329325809856942
0.0008340557869614079
0.0008348514230916468
0.0008355920810153069
0.0008359325406578114
0.0008344938564852652
0.0008311701625216525
0.0008256694289752436
0.0008177640910914559
0.0008075161263905921
0.0007954035963719391
0.0007817913196872572
0.0007666919193891205
0.0007502288573614349
0.0007327342205353948
0.0007151975891471552
0.0006987879183863008
0.0006854397876233992
0.0006762692316994209
0.0006674195392456034
0.0006135335482370954
0.0006099428891051193
0.0006075564076493158
0.0006042794031117319
0.0005988082109347097
0.0005913035145528175
0.0005825570703231439
0.0005734078640513943
0.0005646459160238039
0.0005568751837772652
0.0005507097681425583
0.0005467063990748038
0.0005450645172755218
0.0005459795460463683
0.0005493021142185792
0.000554580400372813
0.0005606689484867419
0.00056688460561391
0.0005727502820503078
0.0005784032546647808
0.0005841103735226246
0.0005898870440446487
0.0005957263058991063
0.000601688924697158
0.0006079854984273487
0.0006146597132773406
0.0006213452326440527
0.0006279805572048517
0.0006346003725217075
0.0006412464491192081
0.000648087612655772
0.0006553078224367374
0.0006629284665456459
0.0006707474919606614
0.0006787312478691963
0.0006866075063358371
0.000693883483055314
0.0007005854633214604
0.0007070391177959424
0.0007131409692443171
0.0007188572759694887
0.0007246413662215598
0.0007308161823146251
0.0007373222837687968
0.0007442272033346705
0.0007515096255716598
0.0007586389521034044
0.0007651766389051099
0.0007709627770778538
0.0007763430780114932
0.0007813249315734951
0.0007852747445492169
0.0007882556021626526
0.0007909452161611039
0.0007919568386805542
0.0007895452634330715
0.0007845043433283485
0.0007775609158814471
0.0007684406744917735
0.0007569216321820587
0.0007432940707848362
0.0007283807352912406
0.0007126761259172933
0.0006959171795157725
0.0006778738326724677
0.0006593543854931232
0.0006419819345776755
0.0006287157921627871
0.0006218975837874185
0.0006178537258922736
0.0005145516521470817
0.0005165706580244073
0.0005242151489566076
0.0005337043044663372
0.0005415582316245873
0.0005467693286696046
0.0005493386032626453
0.0005498376612122232
0.0005490282201177733
0.000547573837496669
0.0005459582252682253
0.0005446123267602595
0.0005439137876210381
0.0005441261505741354
0.0005452589750974579
0.0005467449961761978
0.0005480389194457459
0.0005493682472109421
0.0005506096030389254
0.0005514212007145392
0.0005518574111062571
0.0005523681235542605
0.0005533210987298268
0.0005548152084175226
0.0005568112932737393
0.000559105735766005
0.0005615089500189033
0.0005641775894793469
0.0005672180675401814
0.0005704913343651358
0.000573998577729106
0.0005777001583261578
0.0005816184838532098
0.0005858232574404948
0.0005906019149339288
0.0005957376454098356
0.000600291481608743
0.0006039715429280373
0.0006070929048270466
0.0006101862467646571
0.0006134287937034801
0.0006168666373483271
0.0006210250857720651
0.0006263383897893957
0.0006323415305231256
0.0006386352835124772
0.0006452620607854782
0.0006520434277899888
0.0006583967299297767
0.0006640515560549559
0.0006692456147578005
0.0006743557208365523
0.0006793970207215117
0.0006842256408737199
0.0006867764479636617
0.0006858725264319221
0.000681420274576556
0.0006739030283445168
0.0006641393847661059
0.0006524011643926608
0.0006388931437411256
0.0006240966793400192
0.0006082657368104387
0.0005912698163715295
0.0005729979037608963
0.0005542932271968496
0.0005368604399690305
0.0005237504399156003
0.0005176878227128068
0.000515920687516378
0.0004056075735159422
0.0004097529747397858
0.0004211601558630546
0.0004358926910165823
0.0004502752983174241
0.0004634167670605278
0.0004744168109955913
0.0004829393837901756
0.00048944912093802
0.0004945260872301759
0.0004984440039384089
0.0005013386682777341
0.0005034405556194645
0.000504662709512677
0.0005050647234594114
0.0005039896328344738
0.0005018357966081153
0.0004997893894860701
0.0004976948514907425
0.0004952654886656792
0.0004928137533319691
0.0004906803408469511
0.0004888687106569295
0.0004873046840157889
0.0004862652247982319
0.0004855708190581014
0.0004850683305992905
0.0004846478102655117
0.0004847437097688607
0.0004854033949408789
0.000486154544298753
0.0004866971785964964
0.0004875110006592947
0.0004890064309403788
0.000491160439358014
0.0004937891626500637
0.0004969337396184824
0.0004997759559571248
0.0005019353027505104
0.0005036579696788538
0.0005051929897784838
0.0005064659093126592
0.0005079754859173537
0.0005103852178630176
0.0005135580850855075
0.000517177507778187
0.0005214660988262333
0.0005265263808822781
0.0005322832610384628
0.0005381244288258529
0.0005438508020322781
0.0005494334688492911
0.0005549870815686316
0.0005604548392163909
0.0005635111050803145
0.0005630117902083032
0.0005588607793474844
0.0005516752479659896
0.0005424178032068735
0.0005313818874814354
0.0005188215863656618
0.0005051321345514729
0.0004902166481840307
0.0004736516063754383
0.0004556094205597517
0.0004378513891172627
0.0004223713683907721
0.0004111867364859075
0.0004062997754583516
0.0004056615401361048
0.0003131300335116727
0.0003176053515528472
0.000329172504098146
0.0003446209148906653
0.0003603448168874678
0.0003749478052472155
0.0003876401432004655
0.0003982287443636699
0.0004069523156216071
0.0004144871794594796
0.0004214131408135183
0.0004275018280385074
0.0004322609123110904
0.0004355401468050506
0.0004368452123920688
0.0004357947464072172
0.0004327068286047786
0.0004300158184870281
0.0004274944605618113
0.0004245634211972653
0.0004211121419532368
0.000417557419503932
0.0004140503204800787
0.0004104353738975714
0.0004070978599367632
0.0004042171283759312
0.000401510479231309
0.0003989704705800604
0.0003967356464299589
0.0003954652543252625
0.0003945455256157326
0.000393398680784245
0.0003920355287656712
0.0003910250627957997
0.0003904953790016407
0.0003905212309229372
0.0003913941509032354
0.0003926038764077968
0.0003935920049867689
0.0003948345707371604
0.0003961138845310288
0.0003969802352171376
0.000397652162635108
0.0003988718098079359
0.0004005901051040772
0.0004022290178999332
0.0004040824385495842
0.0004069077688251085
0.0004107508331092469
0.0004151002910140206
0.0004197547403967732
0.000424733809346463
0.0004296853272662168
0.0004344264472244703
0.0004367852222497885
0.0004360579032853204
0.0004318428566296424
0.0004247182506540595
0.0004160182980766337
0.0004064998587078957
0.0003961354095495657
0.0003852571960867946
0.0003739950912159478
0.000361869566001598
0.0003486214499164081
0.0003354898436448792
0.0003240094204265166
0.0003159006279457406
0.0003126225243685018
0.0003126536994198449
0.0002386558661904651
0.0002427171066648419
0.0002529468476225574
0.0002669130840022711
0.0002814341908270106
0.0002952977777975988
0.0003077902939592571
0.0003187599395326553
0.0003282183697898118
0.0003364224223271286
0.0003435290030579622
0.0003492879010052676
0.0003531299049133126
0.000354938235235058
0.0003544880388044978
0.0003518582270070821
0.0003473996266313533
0.0003432911716391068
0.0003398289821105857
0.0003368538009550034
0.0003338709319507335
0.0003307768963788834
0.0003276172737690849
0.0003242751457848531
0.0003206161127717989
0.0003170041203370675
0.0003131790747332409
0.0003099111148445801
0.0003064643003740378
0.0003035300796102957
0.0003010974348378699
0.000299335726181133
0.0002975524798217359
0.0002958784915956888
0.0002942904094390817
0.0002932273009344015
0.0002922359950964691
0.0002921278413125209
0.0002921214474262904
0.000292508531702574
0.0002932132965689625
0.0002938087212484324
0.0002941326879451085
0.0002946408510329033
0.0002956276592706622
0.0002966018397631208
0.0002975960116260777
0.0002992059891529236
0.0003013846114523124
0.0003041391925970991
0.0003072441426371127
0.000310969293589889
0.0003149287727060002
0.0003185347716477488
0.0003199334869208837
0.0003197695123700948
0.0003176224443358623
0.0003132295069478944
0.0003076126465959791
0.000301978668221474
0.0002958660199935719
0.0002888056067084904
0.0002811484870069758
0.000273039331744424
0.0002639719545597128
0.0002542589059232996
0.0002454387517973596
0.0002396464008177382
0.000237886988733644
0.0002382843847680837
0.0001823788890195633
0.0001852295116553785
0.0001934074217829713
0.0002051066286886587
0.0002172736104975725
0.0002289077476781513
0.0002397264511690983
0.0002496911688325866
0.0002586907815402898
0.000266613740031733
0.0002734052384256054
0.0002789856922010879
0.0002827470537004822
0.0002842441937904728
0.0002833702056286558
0.0002804128548314475
0.0002762762606152797
0.0002718492904967959
0.0002674844391317207
0.0002638539093244526
0.0002608902667040802
0.0002580582607639255
0.0002552282073419934
0.000252718811748655
0.0002500969228835693
0.0002471978530722325
0.0002438866653127169
0.0002412021529871339
0.0002388083962621768
0.0002361090934135233
0.0002330810742221016
0.0002309129753955294
0.0002293502580253893
0.0002278429029503405
0.0002260533331084162
0.0002247432591204259
0.000222790269499507
0.0002212972707206817
0.000220437335040037
0.0002199450060618546
0.0002197270833007495
0.0002198839768165508
0.0002202728608786755
0.0002204350461743585
0.0002206252049185949
0.0002211052247095319
0.0002217958802465795
0.0002226582086598977
0.0002236314798180969
0.0002251731115194858
0.0002270588202783253
0.000229418302460618
0.0002323575294731226
0.0002352977673535935
0.0002361197463822113
0.0002357099640548873
0.0002346287508427438
0.0002323411588167806
0.0002287311881558191
0.0002246155808238174
0.0002206061076137616
0.0002165038270741905
0.0002117008160908841
0.0002064776808678492
0.0002009241157285263
0.0001948001294962885
0.0001882138012014027
0.0001831647170957951
0.0001815871305232913
0.0001822257158268403
0.0001414556430460635
0.0001428687860140912
0.0001487506581356091
0.0001577689057808942
0.0001677937974624135
0.0001765678464647113
0.0001850546695739377
0.0001933571019046121
0.0002013427991230742
0.000208501044362165
0.0002145600313051751
0.0002195358141658678
0.0002230764219421395
0.0002246444549300567
0.0002240711058284484
0.000221404308820856
0.0002178656928137033
0.0002142611587853709
0.0002104701090094625
0.0002069318665256643
0.0002040615122718999
0.0002015418475370634
0.0001989861999932891
0.0001966376835985823
0.0001946100507301767
0.0001925865086602028
0.0001904376697673253
0.0001883962743364333
0.0001868427693332936
0.0001851801047457855
0.0001830759060421957
0.0001812505843961519
0.0001799084954251253
0.0001787249595124988
0.0001772023254825087
0.0001759384328521861
0.0001740945348828993
0.0001721880178040691
0.0001712534208629476
0.0001707380026110725
0.0001702315336097255
0.0001700171732547335
0.0001706678756570355
0.0001710468672360732
0.000170784214522564
0.0001706066844962562
0.0001709417327508707
0.0001714746118495183
0.0001718609918395403
0.0001725400312056448
0.0001737280014978823
0.0001752126029832071
0.0001770767832600381
0.0001793741092665699
0.0001804408670373397
0.0001801558603488049
0.0001791683420427042
0.0001778208304619336
0.0001757294477575312
0.0001728130839000693
0.0001697031293124644
0.0001670110038403809
0.0001638645800617855
0.0001601699706988693
0.0001563237937579878
0.0001525488315456942
0.0001478882583009406
0.000143407778984794
0.000141225581032598
0.000141518881953812
0.0001137440886699431
0.0001143443604058118
0.0001177523505722892
0.0001235580607565764
0.0001312411566152177
0.0001373628706879249
0.0001433198105192835
0.0001494427780778207
0.0001559879613032271
0.0001620071847335979
0.0001672608399632299
0.0001717165570575995
0.000174954203664795
0.0001764883862923606
0.0001762359994162198
0.0001742544125187921
0.0001714354614230799
0.0001685161084071368
0.0001655886994663797
0.0001628366658039235
0.0001604961217726163
0.000158458492171431
0.0001565995853012175
0.0001549836553619491
0.0001536508744771788
0.0001524234314704906
0.0001512138229729685
0.0001500822933782172
0.0001490730350368032
0.0001479216159249136
0.0001466339002995456
0.0001456337821071352
0.0001448554302210071
0.0001441714880756556
0.0001432670991978919
0.0001426232674651029
0.0001415084673843441
0.0001404876936510373
0.0001401342677331115
0.000140045044156204
0.0001401322004060671
0.0001405528845495626
0.0001416097926382981
0.0001421767186866698
0.0001421245878671285
0.0001421719237551656
0.0001426114779228833
0.0001429506954902447
0.0001429547437313759
0.0001431137675044915
0.0001436986903800233
0.0001443937239158803
0.0001452801273258204
0.0001467173796012162
0.0001477216004732564
0.0001476203551247845
0.0001466819922764333
0.0001455821529202203
0.0001442088037410739
0.0001421331220430839
0.0001394477702570284
0.0001369408143063381
0.0001342966886936304
0.0001310863853151534
0.0001275155081751154
0.0001242288309730041
0.0001207527149601099
0.0001172831286138055
0.00011486759286214
0.000114167840394036
9.286662283425479e-05
9.329179123514096e-05
9.541583100659156e-05
9.955510415426137e-05
0.0001052535747624489
0.000110011241566819
0.0001139754087871186
0.0001177565795399617
0.000122372745390054
0.0001269375751631338
0.000131097979341794
0.0001347679577371479
0.0001376280332192076
0.000139107422319424
0.0001390667186293907
0.0001377582544356011
0.0001359922732546083
0.0001340877488430981
0.0001319819104977385
0.0001300540854328019
0.0001286726651612413
0.0001276694492018127
0.0001268685226510294
0.000126369672574298
0.0001261304435586508
0.0001258490319263802
0.0001254543052203202
0.0001250769951380235
0.0001248261939900987
0.0001243013604388436
0.0001235164785562641
0.0001228849044635075
0.0001226204315706219
0.0001224994000725522
0.0001223256996127192
0.0001224762554011968
0.0001221544802497066
0.0001214073183384336
0.0001208864167333734
0.000120821733753324
0.0001208171896301765
0.0001211295577362209
0.000122148172098702
0.0001231611163356799
0.0001235655153620976
0.0001236568397833805
0.000124011494769535
0.0001244252878286303
0.0001244389389272563
0.0001242747834633498
0.000124419176263614
0.0001246480011298255
0.00012491923122769
0.0001257004341366015
0.000126513238898681
0.0001265543731831411
0.0001257010351329663
0.0001245095596467224
0.0001230900545157616
0.0001210323559470977
0.0001183722675231179
0.0001156969223462903
0.0001129293696216211
0.000109641638188574
0.0001059533979153772
0.0001025417238010884
9.945283031568263e-05
9.644626560308025e-05
9.410073256846043e-05
9.313680728178261e-05
7.507035125106969e-05
7.546297477700513e-05
7.718956709716631e-05
8.063766860202812e-05
8.532115611698241e-05
8.958965711659597e-05
9.283405824303332e-05
9.566186225101476e-05
9.912269681413816e-05
0.000102635090118625
0.0001059356848450475
0.0001088674885974645
0.0001113297650513249
0.0001128939321898636
0.0001133480733265488
0.0001129737308756941
0.0001123729947806911
0.0001116313625276361
0.000110531973593252
0.0001093918790099723
0.0001086333543068912
0.000108120692526906
0.0001076518453587142
0.0001073352593941688
0.0001071959005222136
0.0001069903417562555
0.0001065582208554877
0.0001061229980396768
0.0001058248514557122
0.0001052831421782726
0.0001044749961196261
0.0001038131741192779
0.0001036857168680975
0.000103878377673525
0.0001043070951386472
0.0001051992740154032
0.0001057005723846665
0.0001054589347320727
0.0001052423204020826
0.0001054495711408427
0.0001055246281663196
0.0001056116117447066
0.0001064021433143305
0.0001076267022891983
0.0001083891260575887
0.0001085758089778966
0.0001088516540452649
0.0001093355484953642
0.0001094671281637948
0.0001092391469294494
0.0001090939430633181
0.0001089280397888593
0.000108677893037628
0.0001087842600607813
0.0001090055524994138
0.0001087293193348667
0.0001077515458795519
0.000106411662279289
0.0001048643893971303
0.0001027914056650248
0.0001001973856746483
9.749062262348047e-05
9.466273520433094e-05
9.137187511698706e-05
8.770699373159822e-05
8.43109602218266e-05
8.14022125036093e-05
7.859902524897664e-05
7.63253967279067e-05
7.52724912180425e-05
5.914086372871196e-05
5.950609298114531e-05
6.115922908387989e-05
6.436787316733698e-05
6.871160648779411e-05
7.289689646600795e-05
7.598043696081839e-05
7.848153152572976e-05
8.13211766951664e-05
8.41108429418235e-05
8.68043409431936e-05
8.92736370572861e-05
9.155462532364802e-05
9.320360978286043e-05
9.408881052721412e-05
9.445391582740888e-05
9.466366979995732e-05
9.464831389145496e-05
9.41597920647885e-05
9.349408763027907e-05
9.302449923025223e-05
9.260241036502652e-05
9.20809552132691e-05
9.160458010550653e-05
9.123963444767149e-05
9.086696994765511e-05
9.027780023286686e-05
8.981368130027258e-05
8.945432062869558e-05
8.885234073438912e-05
8.794358694745233e-05
8.717547268421447e-05
8.697421415937518e-05
8.720798743655298e-05
8.792276543027953e-05
8.923086662429289e-05
9.029862232406834e-05
9.067862898415298e-05
9.104277891947464e-05
9.165301013159265e-05
9.196255230689968e-05
9.209399974918364e-05
9.27353193607283e-05
9.37657894793534e-05
9.442452291465232e-05
9.457998396644942e-05
9.486933970223477e-05
9.542071292071208e-05
9.56885071843073e-05
9.559237981456462e-05
9.539438707489541e-05
9.497061484773483e-05
9.427752643201329e-05
9.374334185966925e-05
9.323430835412767e-05
9.234465312833127e-05
9.093378212232471e-05
8.931696727920499e-05
8.763168026046795e-05
8.560094912475189e-05
8.319887414162936e-05
8.070952501087664e-05
7.810661344651321e-05
7.509701827858511e-05
7.167054375593734e-05
6.850200497128635e-05
6.572260752930715e-05
6.29615456902015e-05
6.062411404341132e-05
5.939336175120753e-05
4.459538345854378e-05
4.489993368826415e-05
4.662053621361326e-05
4.978483791644819e-05
5.413360668516742e-05
5.852705438370836e-05
6.191396277073674e-05
6.452524460262133e-05
6.702370649897059e-05
6.914625846070262e-05
7.107739931984588e-05
7.285311997446365e-05
7.473746478087632e-05
7.624503637084701e-05
7.735314273815038e-05
7.828231007619552e-05
7.926726448932234e-05
8.006259845191413e-05
8.031958529718117e-05
8.02109433091143e-05
8.003933936806911e-05
7.9583690742731e-05
7.877354465053482e-05
7.785599864076679e-05
7.702510380582798e-05
7.6242891506686e-05
7.544578085252972e-05
7.500953048648013e-05
7.47999493395958e-05
7.439770785761696e-05
7.357681926519806e-05
7.271223444130895e-05
7.218098295208425e-05
7.200553122338596e-05
7.245746209848666e-05
7.375364310503301e-05
7.516432442967212e-05
7.620186332451726e-05
7.73610335536133e-05
7.861762197658418e-05
7.937789109820019e-05
7.96683406635976e-05
8.017369602137832e-05
8.075841446187547e-05
8.098184023741634e-05
8.080621934809135e-05
8.092281460864427e-05
8.145937841750639e-05
8.189149254611795e-05
8.208012218445789e-05
8.211142412960427e-05
8.174329239798227e-05
8.085273996213373e-05
7.981157306186367e-05
7.856554792203517e-05
7.690810781851131e-05
7.480605128024142e-05
7.271563605338223e-05
7.080565086021842e-05
6.884645910807821e-05
6.677229694981689e-05
6.477619714091444e-05
6.276874340144039e-05
6.041669204250486e-05
5.750486898543578e-05
5.469606005301203e-05
5.198372827539765e-05
4.913462893029332e-05
4.66314305269271e-05
4.50688252148506e-05
3.144454844334658e-05
3.163110562997788e-05
3.351777975747645e-05
3.666448139992149e-05
4.104047091628643e-05
4.568309518050938e-05
4.971901185624192e-05
5.288689081520571e-05
5.528674203978681e-05
5.67595768623715e-05
5.768449839480963e-05
5.840663233804621e-05
5.954067127023635e-05
6.061044956239057e-05
6.17077846222183e-05
6.301359119259092e-05
6.475536369401867e-05
6.654529760355863e-05
6.786746548391998e-05
6.854557181308933e-05
6.878874617780332e-05
6.827469351869813e-05
6.704902421692359e-05
6.545054928529365e-05
6.391958272182181e-05
6.250885574552249e-05
6.139086540354199e-05
6.09636177794116e-05
6.109213767307631e-05
6.124801036893104e-05
6.092128663949177e-05
6.020111034131303e-05
5.928816159821354e-05
5.831479118655803e-05
5.787211275582719e-05
5.856089639420776e-05
5.997630496160513e-05
6.160244379709122e-05
6.368017932036933e-05
6.58638687729424e-05
6.738054435761885e-05
6.797566801241283e-05
6.834034231605102e-05
6.821828162173383e-05
6.776786005442887e-05
6.701839472440052e-05
6.67416813531577e-05
6.710238797662484e-05
6.766595208661138e-05
6.822247876432976e-05
6.870119439025521e-05
6.870940837632471e-05
6.795065037493846e-05
6.664106839356737e-05
6.474363985712419e-05
6.227872455053037e-05
5.933471879540656e-05
5.656038817799249e-05
5.428464611200735e-05
5.239158944122316e-05
5.079919994962272e-05
4.959885984848375e-05
4.858241598598865e-05
4.722435929531002e-05
4.506644220733309e-05
4.263680359571009e-05
3.988380707598383e-05
3.686652459869057e-05
3.428298114786451e-05
3.237002398654456e-05
2.024570545404793e-05
2.023172771837453e-05
2.229028921473175e-05
2.528145910346668e-05
2.934393045937299e-05
3.392116133516259e-05
3.866330242030393e-05
4.275121730125045e-05
4.524225360909265e-05
4.613919510420592e-05
4.593412996501518e-05
4.533925953140999e-05
4.54148219302111e-05
4.57968827543151e-05
4.6686624797156e-05
4.818456419887253e-05
5.058578703605998e-05
5.346749780337838e-05
5.613092458590593e-05
5.776602847926163e-05
5.845995702829e-05
5.785370047045784e-05
5.620589345352486e-05
5.383425258968456e-05
5.149163228108102e-05
4.932989963452566e-05
4.778794704519123e-05
4.727146456966058e-05
4.780352045922883e-05
4.881035377438511e-05
4.94018365151496e-05
4.919386978402629e-05
4.806569624965496e-05
4.61460794971736e-05
4.433721799499511e-05
4.378760711106022e-05
4.474987553711706e-05
4.686265450653327e-05
4.990872421403451e-05
5.321209192102812e-05
5.572502779824482e-05
5.66779568242333e-05
5.690292888000843e-05
5.586760470557509e-05
5.463369102885761e-05
5.320827604420708e-05
5.241561835434345e-05
5.248447977990583e-05
5.312744676995122e-05
5.407592172390872e-05
5.511732765323134e-05
5.57075396265671e-05
5.534192468307215e-05
5.399973156360378e-05
5.156921317092469e-05
4.839276209476777e-05
4.460277065276421e-05
4.105429897509122e-05
3.831448519866559e-05
3.651188599389514e-05
3.560692513863698e-05
3.546839319113495e-05
3.570511160204581e-05
3.551162005215546e-05
3.419357538380506e-05
3.206104276069486e-05
2.921861439993936e-05
2.612729083303744e-05
2.378784314909181e-05
2.172101162869109e-05
1.179003439506687e-05
1.153502524265417e-05
1.353841957300919e-05
1.61581101658132e-05
1.931756265116845e-05
2.324469261956851e-05
2.829721133478798e-05
3.337778278911729e-05
3.600728339443154e-05
3.643644343058982e-05
3.528434933220985e-05
3.343815150864722e-05
3.233993383004543e-05
3.19556180157373e-05
3.254639698008393e-05
3.401715656385514e-05
3.682563471626949e-05
4.069415393022482e-05
4.469301879118702e-05
4.728742532437528e-05
4.827700344881805e-05
4.753763515735315e-05
4.554497346304217e-05
4.255812462041708e-05
3.951304405445878e-05
3.669760045982262e-05
3.47622452333686e-05
3.405741543200859e-05
3.488389038996134e-05
3.681858057499633e-05
3.854761990571609e-05
3.90938949999252e-05
3.799879260679772e-05
3.529926814904607e-05
3.209288169046282e-05
2.993975472706312e-05
2.997731747867413e-05
3.242748844660752e-05
3.633165263973784e-05
4.073734806905294e-05
4.426224623342201e-05
4.545837135503762e-05
4.547521577544351e-05
4.346150209874402e-05
4.155058396338916e-05
3.956660570387939e-05
3.830518002714697e-05
3.805792234278278e-05
3.873952590758363e-05
4.005055561595394e-05
4.164383237868907e-05
4.285156353217341e-05
4.299311145727945e-05
4.178215871725866e-05
3.893591542176706e-05
3.53291809388756e-05
3.097687024258808e-05
2.690686777292972e-05
2.382268994383367e-05
2.222746650323319e-05
2.210058690432511e-05
2.303495238998542e-05
2.438784975889949e-05
2.5236507314971e-05
2.466675913274533e-05
2.273353697269484e-05
1.993778452261022e-05
1.717028963182755e-05
1.547645399223112e-05
1.355368991604737e-05
6.323426529756412e-06
5.906112628823915e-06
7.488758295601043e-06
9.526021099396502e-06
1.146621712677956e-05
1.419501412564077e-05
1.871620345799563e-05
2.433219385457884e-05
2.697167260193477e-05
2.704843562059056e-05
2.543030611038868e-05
2.288018637716066e-05
2.087469577129252e-05
1.991200222782235e-05
2.024601090738328e-05
2.143346478546011e-05
2.411549269740779e-05
2.857832573044176e-05
3.332886879823059e-05
3.674049402392203e-05
3.77270488123379e-05
3.684028600633262e-05
3.467887630547051e-05
3.147097097233667e-05
2.810473902279093e-05
2.502508735242751e-05
2.297460929395001e-05
2.209175976346647e-05
2.292996642513706e-05
2.547887997891778e-05
2.817432239837664e-05
2.939890577493477e-05
2.852995089893902e-05
2.550009303728397e-05
2.149792236378164e-05
1.810310241088463e-05
1.704747725400185e-05
1.946507738612742e-05
2.369726131301861e-05
2.873217568194553e-05
3.296361029074955e-05
3.421291515366593e-05
3.379231406469178e-05
3.107927598326579e-05
2.884296139928635e-05
2.668817809570594e-05
2.521069622446436e-05
2.47198184545847e-05
2.536855536132803e-05
2.688498658894486e-05
2.88244070497927e-05
3.047889264323884e-05
3.108275734457458e-05
3.011633570878918e-05
2.70585429827931e-05
2.357310235878891e-05
1.934982778417266e-05
1.551010217142944e-05
1.260059982166046e-05
1.130451500659632e-05
1.171340550352792e-05
1.318345306415871e-05
1.500043404947151e-05
1.640983115732862e-05
1.637758087499054e-05
1.46830362310158e-05
1.220758822841733e-05
1.031189597131505e-05
9.435602022655296e-06
7.908152195546321e-06
3.221032303293597e-06
2.808875019295136e-06
3.784825924404441e-06
5.137633232562178e-06
6.086302275642108e-06
7.525060668766057e-06
1.067481967585273e-05
1.575108121943379e-05
1.812198185588593e-05
1.802087278769368e-05
1.654286197079165e-05
1.415224104473479e-05
1.195451262566616e-05
1.08435110948047e-05
1.104724745822901e-05
1.181073760468719e-05
1.369059390992928e-05
1.767633605716331e-05
2.245406597599953e-05
2.610363913922056e-05
2.683125591573224e-05
2.584739736203561e-05
2.383141458658056e-05
2.095063692840456e-05
1.788911998825777e-05
1.516907476888114e-05
1.345255570901938e-05
1.257084696690052e-05
1.311599961771997e-05
1.551311220176119e-05
1.851339509529519e-05
2.002220404910502e-05
1.947436962638254e-05
1.673321517414517e-05
1.301170400633988e-05
9.551597718249425e-06
7.977433845175461e-06
9.709564698543095e-06
1.327820874137296e-05
1.786754100700971e-05
2.205316966162198e-05
2.335601082239433e-05
2.202605521036311e-05
1.952817758656089e-05
1.75087659132605e-05
1.573795029487608e-05
1.443777470726168e-05
1.386332217573422e-05
1.434269578638481e-05
1.570849253799823e-05
1.753707815298943e-05
1.92380481907053e-05
2.010287270670492e-05
1.948819283457211e-05
1.66919236647021e-05
1.401697822980034e-05
1.077608510346652e-05
7.977607770304551e-06
5.85204039965002e-06
4.832526856402116e-06
5.377488466369377e-06
6.525765677404463e-06
8.02141944606405e-06
9.316238888994993e-06
9.564430959719161e-06
8.349615666409463e-06
6.588307506974364e-06
5.523598810815529e-06
5.230669596172297e-06
4.300209384601528e-06
1.567228106978678e-06
1.278479154217335e-06
1.753189053565648e-06
2.498102493007163e-06
2.901734246922785e-06
3.461724484179913e-06
5.089336870663355e-06
8.482909017608193e-06
1.023682395411436e-05
1.017363429955495e-05
9.280093137481127e-06
7.717138061011858e-06
6.076636465496024e-06
5.238516647927667e-06
5.38315394976016e-06
5.773404085996212e-06
6.65890709893082e-06
9.103052850313787e-06
1.296321768139315e-05
1.594849201505332e-05
1.635261627647903e-05
1.546674469592248e-05
1.398952143599277e-05
1.197363499925901e-05
9.822219014873644e-06
7.989669221627039e-06
6.900579447726077e-06
6.251330825017035e-06
6.417327734797124e-06
7.95911464092888e-06
1.03225662826707e-05
1.159571200590003e-05
1.13489371072673e-05
9.463767643841589e-06
6.95255624606569e-06
4.530222068614009e-06
3.280792596282797e-06
4.050140119759128e-06
6.222928178636465e-06
9.261338095669396e-06
1.237236567424665e-05
1.341819890961394e-05
1.187139928443906e-05
1.026992841907431e-05
8.939732691410087e-06
7.902111981921325e-06
7.070785298333257e-06
6.613183319021531e-06
6.838638935416968e-06
7.702536865892986e-06
8.929056617892029e-06
1.018163309420514e-05
1.097609193145554e-05
1.074469080827422e-05
8.857742543693606e-06
7.307805262395501e-06
5.427470959975305e-06
3.833414788484721e-06
2.612579645066179e-06
1.942584835257332e-06
2.26713281618633e-06
2.849068248021831e-06
3.665367318807127e-06
4.440154778351586e-06
4.696730831445988e-06
4.072970996411955e-06
3.135797321663879e-06
2.598382808881842e-06
2.533571829545806e-06
2.132503994355732e-06
7.051322760729273e-07
5.553898709782549e-07
7.438045398508103e-07
1.07536969808923e-06
1.241833828397547e-06
1.422706817788176e-06
2.046977332486205e-06
3.612402255662216e-06
4.564361652006846e-06
4.618951346415075e-06
4.304889719434407e-06
3.626300464580275e-06
2.777385222105577e-06
2.312017105203284e-06
2.405045582164751e-06
2.570684472575257e-06
2.845890722528953e-06
3.844455129650825e-06
5.991298016788904e-06
7.704062251323626e-06
7.872018554212525e-06
7.333135387113192e-06
6.591354545157526e-06
5.603231099126081e-06
4.52228015561728e-06
3.618133217877857e-06
3.094514307467693e-06
2.751442186931381e-06
2.720721122520691e-06
3.374082863809842e-06
4.59868442188375e-06
5.306883234638205e-06
5.243788644975186e-06
4.365407484276652e-06
3.198617932291645e-06
1.999026783452275e-06
1.334582669092772e-06
1.523469318788507e-06
2.472692625548554e-06
3.843499477416231e-06
5.37536719578166e-06
5.874424719194417e-06
5.109458642831932e-06
4.386931204697796e-06
3.780040892359819e-06
3.362317620063845e-06
2.985011200510312e-06
2.739609008493467e-06
2.792293432163265e-06
3.157942418394112e-06
3.706870592250986e-06
4.318020947684179e-06
4.783328581727444e-06
4.761237202349141e-06
3.976484556759435e-06
3.282781396606068e-06
2.474563846229451e-06
1.744689420364739e-06
1.162332355221817e-06
8.193373075271146e-07
9.209430880287905e-07
1.149980166516311e-06
1.464476907829886e-06
1.784409272713167e-06
1.918035757482739e-06
1.690757117050225e-06
1.312750841869242e-06
1.080653620292295e-06
1.063868878600896e-06
9.34172405725234e-07
2.804438964156798e-07
2.215192084768644e-07
2.841163275497423e-07
4.033413378923921e-07
4.68616606163677e-07
5.266653316292044e-07
7.197123565642204e-07
1.237306541814608e-06
1.601076921671187e-06
1.674950972001939e-06
1.62387101602239e-06
1.433566326538591e-06
1.125753190518993e-06
9.295714008477548e-07
9.712882711942539e-07
1.031469024024902e-06
1.091342376134277e-06
1.376902593051973e-06
2.149185245238053e-06
2.774119086299282e-06
2.840871978074278e-06
2.652235864635178e-06
2.416656115880784e-06
2.0967009343607e-06
1.720849377631919e-06
1.393971530186781e-06
1.197509850657446e-06
1.06321119640098e-06
1.015335916361143e-06
1.204464360863721e-06
1.613901050023828e-06
1.865046008212076e-06
1.863088082477864e-06
1.601901818508723e-06
1.229191042518417e-06
7.996011563381498e-07
5.32948179722409e-07
5.464806736389972e-07
8.63901283120898e-07
1.295226921087603e-06
1.78255544759805e-06
1.95727312789323e-06
1.749336449452967e-06
1.536504589419756e-06
1.342428778546447e-06
1.218825974611717e-06
1.095753275167255e-06
1.002549141069467e-06
1.003935466777783e-06
1.115239435996494e-06
1.288504047518651e-06
1.490831639548377e-06
1.66669897262465e-06
1.694916461585881e-06
1.488459772873669e-06
1.253904104748757e-06
9.878776664332063e-07
7.210420815564814e-07
4.909209516726935e-07
3.445950616523932e-07
3.604303888016994e-07
4.336468006507801e-07
5.278630286480001e-07
6.249630837174865e-07
6.692034755236232e-07
6.032450904720869e-07
4.812157209395319e-07
3.97571891715586e-07
3.892224235679023e-07
3.541869510390468e-07
9.446984442199677e-08
7.645850495225776e-08
9.400568229031149e-08
1.288911405531213e-07
1.507263081592102e-07
1.692282448004592e-07
2.209323364915231e-07
3.554508454308973e-07
4.609800701999158e-07
4.977355528723171e-07
5.007069977818281e-07
4.650188158639741e-07
3.848616010168426e-07
3.241413615972542e-07
3.349167549283826e-07
3.52293941696283e-07
3.614937864304833e-07
4.256921302240497e-07
6.182289639813076e-07
7.761390761340296e-07
8.024994437257593e-07
7.610800945405699e-07
7.083079033491383e-07
6.329012264585836e-07
5.361254072053321e-07
4.45880435287989e-07
3.871193169235961e-07
3.459437168540106e-07
3.241897386633409e-07
3.645649336072884e-07
4.615914500088818e-07
5.247349732391847e-07
5.291834850495589e-07
4.733237084421264e-07
3.846643310228094e-07
2.69503996479759e-07
1.874873216549968e-07
1.792705778267e-07
2.62484153051882e-07
3.665048863383228e-07
4.807363104183389e-07
5.322338944442325e-07
4.947986022194002e-07
4.496708787183632e-07
4.028009808793084e-07
3.73374980179143e-07
3.423951959477189e-07
3.162583506627749e-07
3.136446125150932e-07
3.405630998039417e-07
3.838061540477123e-07
4.353964635306434e-07
4.841807282992936e-07
5.017546055864139e-07
4.617241254517717e-07
4.013332805011077e-07
3.30625598806088e-07
2.531448705942172e-07
1.80313708856175e-07
1.291126474112897e-07
1.275987035465178e-07
1.46059699045642e-07
1.68817914321477e-07
1.913978429128718e-07
2.014356818082007e-07
1.843284006567556e-07
1.51397521155612e-07
1.263936878827401e-07
1.224510195978038e-07
1.140282498413619e-07
2.540219563057809e-08
2.114269157082902e-08
2.51559623264918e-08
3.327541802682969e-08
3.8982192882053e-08
4.397388313663745e-08
5.562746402164167e-08
8.363059483646278e-08
1.074702450917125e-07
1.187567751374372e-07
1.228388411665311e-07
1.185374071741399e-07
1.033845322420743e-07
8.989671827579036e-08
9.143795131262787e-08
9.481544904113972e-08
9.538946895392944e-08
1.068596639511773e-07
1.425180946344247e-07
1.728361214156891e-07
1.806714484831594e-07
1.743290456234968e-07
1.651286781364445e-07
1.510357888154115e-07
1.316788043939101e-07
1.12412964899235e-07
9.869728734861414e-08
8.879268628479638e-08
8.25391169117184e-08
8.883023742682366e-08
1.061217763833624e-07
1.181047484336398e-07
1.200150922606678e-07
1.106976370154349e-07
9.43502792440841e-08
7.094681440296812e-08
5.207486954021082e-08
4.8296732147783e-08
6.485650914030292e-08
8.444856269095825e-08
1.057536239090737e-07
1.177698576449023e-07
1.135687590228893e-07
1.064518343340624e-07
9.78073936407171e-08
9.219995944200282e-08
8.609396567981866e-08
8.062538342750189e-08
7.9803256140553e-08
8.509710975910971e-08
9.389660136382477e-08
1.045863530614498e-07
1.152226362189867e-07
1.208149635714323e-07
1.150140455208073e-07
1.030041613908585e-07
8.796476243790924e-08
7.031468980436597e-08
5.248981963646693e-08
3.875389548696137e-08
3.696785115094253e-08
4.036123748833893e-08
4.457960645949426e-08
4.853144001469901e-08
5.002769441190228e-08
4.609703952621045e-08
3.87502965106606e-08
3.270835929661376e-08
3.137905582622141e-08
2.961780071010283e-08
4.800183942395135e-09
4.087866565139435e-09
4.755499880912962e-09
6.114157643581122e-09
7.151705480207655e-09
8.094276785338745e-09
1.001388399793631e-08
1.425980057209314e-08
1.810553973338563e-08
2.031483689158063e-08
2.142951906420082e-08
2.121043401547168e-08
1.925679429135479e-08
1.723938136251355e-08
1.731549053939973e-08
1.768202932855721e-08
1.752463729494539e-08
1.893088474140255e-08
2.35748851759029e-08
2.774375316122483e-08
2.927616780500521e-08
2.868710752596869e-08
2.752669817853697e-08
2.557803381129883e-08
2.277515966644521e-08
1.984024714005975e-08
1.758009315597501e-08
1.589403319790642e-08
1.471350442770796e-08
1.53248509998747e-08
1.749833487091656e-08
1.912197429883867e-08
1.956263195359817e-08
1.845507758780405e-08
1.629055542957244e-08
1.293482408031735e-08
9.948743218871649e-09
9.117560489929018e-09
1.138320556044479e-08
1.401670862287385e-08
1.696801599222327e-08
1.896875151158135e-08
1.884435543464593e-08
1.811321406103993e-08
1.69984584929589e-08
1.623302682498079e-08
1.537520578575671e-08
1.457804280165502e-08
1.444992291993227e-08
1.522286945703157e-08
1.655067851141205e-08
1.820497938531779e-08
1.99105833098431e-08
2.103838356197557e-08
2.05098255355211e-08
1.880994478379818e-08
1.650104698879277e-08
1.36326940314431e-08
1.057700088511531e-08
8.050690881871876e-09
7.520371551721145e-09
7.900833456223813e-09
8.420236444762465e-09
8.884086099344633e-09
8.999877144274692e-09
8.31688840451729e-09
7.102787175274542e-09
6.038728371193572e-09
5.742798520148466e-09
5.463017505844042e-09
4.519328226280928e-10
3.910204154109625e-10
4.495833577322915e-10
5.685162361818759e-10
6.634841448051417e-10
7.509886956113998e-10
9.133834953258387e-10
1.251413654343323e-09
1.571848350954609e-09
1.779407976419126e-09
1.900454961293216e-09
1.90999196053352e-09
1.77961510051544e-09
1.62560384366888e-09
1.618339110943796e-09
1.632594816397648e-09
1.599466027982766e-09
1.682286379206647e-09
1.998737974717104e-09
2.303044262094338e-09
2.448007488388558e-09
2.428448070620363e-09
2.351093235694259e-09
2.206270094714303e-09
1.991585223093496e-09
1.758409197895254e-09
1.567889035663715e-09
1.422077140731867e-09
1.312771955957398e-09
1.336315070847017e-09
1.479394435680078e-09
1.596870104548075e-09
1.643468797377744e-09
1.575755736849288e-09
1.424503654663767e-09
1.17365744946913e-09
9.339018571648793e-10
8.509209949486525e-10
1.008366735370992e-09
1.19423175009626e-09
1.414756186549313e-09
1.587179194957112e-09
1.61204530787923e-09
1.578617393121928e-09
1.504386137832582e-09
1.450138570304545e-09
1.387528456449982e-09
1.327715075365627e-09
1.318685660535015e-09
1.379081209327125e-09
1.485622616491114e-09
1.622182818725189e-09
1.767054942388637e-09
1.878365416004538e-09
1.861473316162574e-09
1.736156062724815e-09
1.551573824317695e-09
1.311871809441743e-09
1.046920119033929e-09
8.164722140106568e-10
7.533161323472533e-10
7.698043952313903e-10
8.001461934127071e-10
8.270558816656913e-10
8.287959314106773e-10
7.67615878818888e-10
6.617766485929402e-10
5.630964690372913e-10
5.302054800953283e-10
5.064490195787127e-10
4.398965160060693e-12
3.832558741831068e-12
4.363379669945123e-12
5.453529476267566e-12
6.355742898299462e-12
7.202357422061937e-12
8.693906908336331e-12
1.168957768926407e-11
1.460945048804755e-11
1.66248037219888e-11
1.788031097972055e-11
1.81142501071955e-11
1.709818996550177e-11
1.577423061297038e-11
1.561977731655652e-11
1.563641233123178e-11
1.520153692951986e-11
1.574545567579396e-11
1.825828977394536e-11
2.081581942997597e-11
2.222444801038805e-11
2.221181169202522e-11
2.161036340076417e-11
2.037908680899513e-11
1.852512233091645e-11
1.646845988898222e-11
1.473147887539484e-11
1.338362018776188e-11
1.233504851252098e-11
1.24024407534344e-11
1.351334720074778e-11
1.450091043531725e-11
1.498378710030727e-11
1.449755652183222e-11
1.327200625394309e-11
1.11453997483047e-11
9.030051468869876e-12
8.202928877640662e-12
9.454123233729534e-12
1.097120480008283e-11
1.286285383260224e-11
1.446644908292499e-11
1.487750300570782e-11
1.472279928845993e-11
1.414665655991799e-11
1.370587309074494e-11
1.31861476410287e-11
1.26805701525017e-11
1.260969109062652e-11
1.314033235652008e-11
1.409151662287964e-11
1.533524919061705e-11
1.667788238806696e-11
1.779693594274564e-11
1.781736816518001e-11
1.678678196592643e-11
1.515796199416341e-11
1.297772704371735e-11
1.05162983978775e-11
8.312144601109676e-12
7.613715468083754e-12
7.652121270861035e-12
7.83449448944297e-12
7.996180378384545e-12
7.949224997241652e-12
7.354702112528758e-12
6.366518699217374e-12
5.433131682229235e-12
5.108161859133282e-12
4.892733186039915e-12
)
;

boundaryField
{
    inlet
    {
        type            cyclic;
    }
    outlet
    {
        type            cyclic;
    }
    topWall
    {
        type            nutLowReWallFunction;
        Cmu             0.09;
        kappa           0.41;
        E               9.800000000000001;
        value           uniform 0;
    }
    bottomWall
    {
        type            nutLowReWallFunction;
        Cmu             0.09;
        kappa           0.41;
        E               9.800000000000001;
        value           uniform 0;
    }
    front
    {
        type            symmetry;
    }
    back
    {
        type            symmetry;
    }
}


// ************************************************************************* //
