/*--------------------------------*- C++ -*----------------------------------*\
| =========                 |                                                 |
| \\      /  F ield         | OpenFOAM: The Open Source CFD Toolbox           |
|  \\    /   O peration     | Version:  v1812                                 |
|   \\  /    A nd           | Web:      www.OpenFOAM.com                      |
|    \\/     M anipulation  |                                                 |
\*---------------------------------------------------------------------------*/
FoamFile
{
    version     2.0;
    format      ascii;
    class       volScalarField;
    location    "0.00000026";
    object      nuTilda;
}
// * * * * * * * * * * * * * * * * * * * * * * * * * * * * * * * * * * * * * //

dimensions      [0 2 -1 0 0 0 0];


internalField   nonuniform List<scalar> 
3500
(
7.216237285342516e-07
6.414892030024638e-07
6.250458347453859e-07
4.995118310459836e-07
5.469460702333434e-07
3.435133102405328e-07
2.266900032976432e-07
1e-16
6.957959328718832e-07
5.757348325101164e-07
7.97884552498041e-07
5.98741583990562e-07
7.687166370065003e-08
7.43794501937878e-07
1.037852852098803e-06
1e-16
1e-16
8.185730865609557e-08
1e-16
9.315783902030861e-07
6.104858463336871e-08
5.996987124603136e-07
1e-16
6.288378515855537e-07
3.868291425296689e-07
7.870445758851778e-07
2.516140487376077e-07
7.084909292430301e-07
6.024572840880007e-07
1e-16
1e-16
1.247333557409667e-07
2.620005558385459e-07
4.092042091919829e-07
3.991406815470339e-07
5.87866627750771e-07
4.556085069709361e-07
7.371912881580732e-07
8.212133309706388e-07
6.548329082509239e-07
1.920882321612267e-07
9.050496634253713e-08
1e-16
4.058068218512878e-07
4.104056163545808e-07
7.309233026185141e-07
6.777196023833386e-07
4.678629344986605e-07
4.616810448388316e-07
6.461437366539584e-07
7.547282621378956e-07
4.323063897681535e-07
1e-16
1e-16
5.243114878645741e-07
7.209182678794571e-07
5.603059036517747e-07
5.048344805536376e-07
7.005125375117203e-07
7.096641416879081e-07
8.161080256286358e-07
6.093031304678595e-07
9.371147309641181e-07
8.300404184538629e-07
8.978540251077508e-07
7.90035623718045e-07
1.082973213903699e-06
1.201233169953578e-06
1.098529722223805e-06
7.761465581598062e-07
2.373496081706931e-06
2.090795846530232e-06
2.113169108160327e-06
1.61785897661811e-06
1.796563530556265e-06
1.107901120351085e-06
7.253619525363181e-07
1e-16
2.336866135635376e-06
1.904596635573328e-06
2.716374749796989e-06
1.987665122884643e-06
2.613404740314598e-07
2.470217789015087e-06
3.628834119053417e-06
1e-16
1e-16
2.188963266959948e-07
1e-16
3.077019826665013e-06
1e-16
1.894491815682877e-06
1e-16
2.016488183256746e-06
1.214034005230316e-06
2.564155468044284e-06
7.872724322966827e-07
2.303390868925778e-06
1.918253912765455e-06
1e-16
1e-16
3.882043358284982e-07
8.227098585544173e-07
1.316867269070931e-06
1.291667999046723e-06
1.928011053684715e-06
1.476182304682875e-06
2.500204208658496e-06
2.826951273535031e-06
2.189578789538803e-06
6.001332825678418e-07
2.619938066271273e-07
1e-16
1.329839031963125e-06
1.341133520285315e-06
2.520630463478592e-06
2.303065640308161e-06
1.531563016161422e-06
1.513071716004332e-06
2.191672788309973e-06
2.59731471880221e-06
1.406403347803276e-06
1e-16
1e-16
1.725310810830083e-06
2.464036624546819e-06
1.875469624241106e-06
1.682209934985134e-06
2.40237875178248e-06
2.405631996854858e-06
2.781704960998831e-06
1.985809794802013e-06
3.216642154187545e-06
2.75749016279798e-06
3.008343091251025e-06
2.540234610909421e-06
3.543563746412e-06
3.849457108813232e-06
3.570664879005043e-06
2.578823292893751e-06
4.546576276437479e-06
3.908205180398673e-06
4.330464083047384e-06
2.896612002945023e-06
3.297639610789082e-06
1.995668399620089e-06
1.265798283376015e-06
1e-16
4.52908212001305e-06
3.600491839692588e-06
5.373162736157539e-06
3.793486243809662e-06
6.166956122003138e-07
4.886440566437007e-06
7.818404824684717e-06
1e-16
1e-16
1.949381459997042e-07
1e-16
6.072179905531031e-06
1e-16
3.359161589893305e-06
1e-16
3.755257713534524e-06
2.228184804863951e-06
4.921188270845731e-06
9.186611246180623e-07
4.348162985839568e-06
3.469871049838164e-06
1e-16
1e-16
6.644291640382645e-07
1.415995570327349e-06
2.458984800968409e-06
2.458051869841099e-06
3.745103854434884e-06
2.765835615932942e-06
5.279280824063508e-06
6.11952421203051e-06
4.474014778994949e-06
1.043156727145788e-06
5.125080812855246e-07
1e-16
2.596778964743344e-06
2.577819655034293e-06
5.452066110338428e-06
4.853389587920338e-06
2.960827802336679e-06
2.943777798691072e-06
4.624548046315977e-06
5.559964404370187e-06
2.669159464827295e-06
1e-16
1e-16
3.361587944644014e-06
5.203683480051575e-06
3.788670139069053e-06
3.308978047207666e-06
4.904679001994114e-06
4.730643889715621e-06
5.486037458614305e-06
3.538792032988181e-06
6.370141369508156e-06
4.97370975988496e-06
5.669053014585483e-06
4.502678288007584e-06
6.349699590127048e-06
6.792711722269865e-06
6.491244319633316e-06
4.986388767365025e-06
7.535008677022897e-06
5.904496893347655e-06
7.561528123743002e-06
4.133957408650206e-06
5.066836073729515e-06
3.136912360215455e-06
1.700068539373843e-06
1e-16
7.503407957129854e-06
6.093841866645596e-06
9.036429755620223e-06
6.35951719264163e-06
1.75296855642023e-06
9.035026979410817e-06
1.315094817994029e-05
1e-16
1e-16
1e-16
1e-16
1.003508674984581e-05
1e-16
4.602754934197797e-06
1e-16
6.188637886730015e-06
3.998713802916237e-06
8.232604611661748e-06
1e-16
6.841235683350342e-06
5.247817261378393e-06
1e-16
1e-16
8.574267645689657e-07
1.766876341305256e-06
4.105098475418288e-06
4.420900310482331e-06
6.4362129650399e-06
4.405794538390185e-06
9.543926333151576e-06
1.114171931716975e-05
7.992266038749631e-06
1.504068602813581e-06
8.202280663957632e-07
1e-16
4.575836514788277e-06
4.188721759763252e-06
1.009063886140541e-05
8.623392852984336e-06
5.057852742483487e-06
5.073651898211589e-06
8.352065861687978e-06
9.839564262386478e-06
4.425381872184934e-06
1e-16
1e-16
5.657865203927981e-06
9.202643274613746e-06
6.676630800799518e-06
5.609082647197194e-06
8.467566048996084e-06
7.633010247609906e-06
8.931457068074081e-06
5.059123690347342e-06
1.052777992994979e-05
7.056799241434548e-06
9.267961633750544e-06
7.024682199991667e-06
9.234872025124756e-06
9.520542863974139e-06
8.528656538326846e-06
8.119295624365822e-06
1.144759418210537e-05
6.472258597464524e-06
1.201884257916414e-05
5.116023059025145e-06
6.914186956957163e-06
4.900048880413047e-06
1.774357591656259e-06
1e-16
1.114595454389323e-05
1.024949404235775e-05
1.367168935812703e-05
9.178992669252734e-06
4.846992362621742e-06
1.547110908619223e-05
1.814938204203309e-05
1e-16
1e-16
2.732469454070723e-06
1e-16
1.266374535477046e-05
6.904658086835203e-07
5.343794079755915e-06
1e-16
9.65899623153162e-06
7.840755337273811e-06
1.12179406122868e-05
1e-16
8.641772342084042e-06
7.028646039075506e-06
1e-16
1e-16
5.762958034056227e-07
1.288399822453113e-06
7.096153290607416e-06
9.160360841227885e-06
1.025270329838349e-05
6.346923427156476e-06
1.568511788376596e-05
1.749714401598936e-05
1.318217338616439e-05
1.426329116383801e-06
1e-16
1e-16
8.055242037562993e-06
6.018072556055687e-06
1.725417402177855e-05
1.36744345724793e-05
7.967529313647475e-06
8.108069067730906e-06
1.378610624729152e-05
1.51943389984364e-05
6.734708566882545e-06
1e-16
1e-16
8.38709157141513e-06
1.451724026096533e-05
1.095664402904134e-05
8.640676371010967e-06
1.33154520713519e-05
1.030376409462757e-05
1.263505435382121e-05
6.322728274276745e-06
1.494377209175017e-05
9.167034245287304e-06
1.281751420149444e-05
1.010875112236292e-05
1.175612283763275e-05
1.141328693278057e-05
8.443846238792453e-06
1.208720952150414e-05
1.439820673674624e-05
9.53315389371798e-06
1.74372931318182e-05
7.541018661114736e-06
8.552597995216486e-06
7.150768516228613e-06
2.892281802422462e-06
1e-16
1.422597603613991e-05
1.587086955196127e-05
1.854092806857474e-05
1.195567127452967e-05
9.635000133931571e-06
1.965016963711971e-05
2.09943331808134e-05
1e-16
1e-16
1.23240403975806e-05
1.813394798331486e-06
1.308726672697762e-05
9.221233485493511e-06
1.080477659792773e-05
8.681811087640425e-07
1.480579865425513e-05
1.217236999666678e-05
1.20705315612017e-05
2.707909551118946e-06
8.545343288458134e-06
8.439155227129966e-06
1e-16
2.987135177750989e-06
1.324594118714515e-06
2.375817503010447e-06
1.201042884046746e-05
1.73364338124071e-05
1.585189913598182e-05
8.1948395527387e-06
2.289844521822054e-05
2.341631320531232e-05
2.044990862118622e-05
1e-16
1e-16
1e-16
1.479583505744184e-05
1.012846863724772e-05
2.498910708683925e-05
1.927494194800156e-05
1.130498386559438e-05
1.247553615994685e-05
2.035139571687562e-05
2.073932763318401e-05
9.134770497112616e-06
1e-16
1e-16
1.149550052107568e-05
2.086099680500852e-05
1.71435414490924e-05
1.255465530179285e-05
1.887861295021775e-05
1.168849491149522e-05
1.524421445402169e-05
8.925753490229409e-06
1.813575106448972e-05
1.250380820932303e-05
1.531860531395491e-05
1.301357701773867e-05
1.381182702251647e-05
1.361267852425041e-05
8.854130632414723e-06
1.694493386914136e-05
1.811737695664861e-05
1.772560005510489e-05
2.191433445178822e-05
1.211945585537013e-05
9.807445495813013e-06
9.584967717518003e-06
7.771487388034275e-06
1e-16
1.424576919455543e-05
2.11044633113857e-05
2.162470747294096e-05
1.560608077907514e-05
1.535749162095555e-05
1.906100636162437e-05
2.228224045267397e-05
1e-16
6.599902536726626e-06
2.591387027580386e-05
1.78555930070253e-05
1.839636384160209e-05
1.944008823736488e-05
2.020140439889433e-05
7.101175619204567e-06
2.024591661893473e-05
1.593117757150914e-05
1.69682654837147e-05
1.775306783604819e-05
1.004037899645029e-05
1.205106190021398e-05
4.564440622676532e-06
1.003180796895004e-05
8.512860908388602e-06
4.5448492231147e-06
1.908652871573263e-05
2.512889271332022e-05
2.278619800005829e-05
7.241082044062424e-06
3.000509762466794e-05
2.985952442991402e-05
2.732352463843221e-05
1e-16
1e-16
9.072886112578094e-06
2.436076363502209e-05
2.104782778848751e-05
3.072859072005889e-05
2.331561934024503e-05
1.373219174155221e-05
1.901330778029453e-05
2.586106385710986e-05
2.533119448905492e-05
1.012016513577122e-05
1e-16
1e-16
1.424398624313478e-05
2.79577991760159e-05
2.445530283072901e-05
1.793342935431734e-05
2.308354838675739e-05
1.154765547075972e-05
1.619820427223859e-05
1.586439422631102e-05
1.921049169588246e-05
1.656055580474267e-05
1.610631200140199e-05
1.51072591328917e-05
1.608668922148715e-05
1.839337428249609e-05
1.312655798951492e-05
2.019059383875968e-05
2.500677431210522e-05
2.484402193342439e-05
2.414788584610944e-05
1.544895690593625e-05
1.077363660510315e-05
1.358098323739311e-05
1.52966062879174e-05
5.189867965440555e-06
8.89031952490905e-06
2.552290061018304e-05
2.0482186312631e-05
2.044638381300558e-05
2.184376764600235e-05
1.448510505678254e-05
1.2136537925734e-05
1e-16
2.652677238288466e-05
3.508782665757474e-05
3.236571846311346e-05
2.779546423795748e-05
2.843871834556762e-05
2.411764915799578e-05
1.750764070608145e-05
2.598257100289121e-05
2.091919588814763e-05
2.569541131716713e-05
3.20437211096308e-05
1.66277804088101e-05
2.103170618588039e-05
1.506004512617999e-05
1.908943968134853e-05
1.859102047827369e-05
1.094857107233123e-05
2.749060187305128e-05
3.096017524056825e-05
2.778158962641189e-05
9.856712878400149e-06
3.610910226888247e-05
3.522302676344501e-05
2.768494277353425e-05
8.494274857193046e-06
3.604962534732624e-06
1.697900846624583e-05
3.245617147630301e-05
3.393193653921271e-05
3.456468444371236e-05
2.279372624401093e-05
1.269680006676282e-05
2.635196290813644e-05
3.185466446967241e-05
2.518289715316338e-05
1.180639041762491e-05
1e-16
4.638265234638805e-06
1.644317906880857e-05
3.449568968953362e-05
2.935897976818865e-05
2.368997549650687e-05
2.372380978880903e-05
1.296344157096929e-05
2.059403243581967e-05
2.452596737566057e-05
1.706987567745731e-05
1.891676075938559e-05
1.789561896816809e-05
1.831536560524521e-05
2.226515240387025e-05
2.494424064090378e-05
2.120933254557848e-05
1.965540814910519e-05
3.070628055353819e-05
2.739789931875089e-05
2.242015773248756e-05
1.659901190755079e-05
1.221531320128231e-05
2.085610197816396e-05
2.304764385061668e-05
1.307214411656623e-05
1e-16
2.928435873948327e-05
1.29188955467483e-05
2.422608662368066e-05
2.904630887483372e-05
1.491724811519417e-05
1e-16
1e-16
3.520999065125367e-05
4.020689991722485e-05
4.66560008591276e-05
3.412256935877658e-05
4.092503899050967e-05
2.54374975248924e-05
3.088879770947937e-05
3.434144615893951e-05
2.89835226706591e-05
3.747386082775021e-05
4.553216209545095e-05
1e-16
3.244433756652497e-05
2.988994053666534e-05
2.958946206948217e-05
2.87459810505605e-05
2.703302950513778e-05
3.706194170619089e-05
3.234227591942119e-05
2.509042629872707e-05
2.163826184390479e-05
4.061655876107913e-05
3.163864751699742e-05
1.666993016918646e-05
3.213796380261872e-05
2.914994703630712e-05
1.972400958579223e-05
3.902807200075946e-05
4.562700827656283e-05
3.672529838197058e-05
1.390633862636874e-05
7.471307903371465e-06
3.49331647130071e-05
3.667917026444293e-05
1.214852997542592e-05
2.427597041693892e-05
2.230564575858307e-05
2.58137019450678e-05
2.068175807501017e-05
3.92842258071773e-05
3.063826234238072e-05
2.586251068179858e-05
1.992329618764891e-05
2.013094017921443e-05
3.09756467306934e-05
3.332127267825559e-05
1.454467203759597e-05
2.264601106617654e-05
2.451608799550351e-05
2.649484827480225e-05
3.151449514630434e-05
3.267223868091767e-05
2.849080540120613e-05
2.196711132108828e-05
3.41223455302013e-05
2.322099758273346e-05
1.386933405860153e-05
1.404769971687543e-05
1.589354552573373e-05
3.010049406308678e-05
3.046498186169171e-05
2.102408772086692e-05
1e-16
3.16446886654446e-05
4.095651246199287e-06
2.780118536760603e-05
3.672310463469325e-05
2.524838028253977e-05
1e-16
6.736405240570615e-06
4.0767664484529e-05
4.104589705817678e-05
6.000937516991497e-05
4.344863315311766e-05
5.480433466257088e-05
3.200857494630299e-05
4.462250736405459e-05
4.588304464689445e-05
4.156085317517312e-05
5.08178598625525e-05
5.726140083906253e-05
3.114152208360122e-05
4.338323098949458e-05
4.746590459907889e-05
4.327683061330548e-05
4.286484037689243e-05
4.703979066460019e-05
4.629330766400777e-05
2.842627368183177e-05
1.882872236066931e-05
3.995145733090279e-05
4.418880396287222e-05
1.873634641456227e-05
1e-16
5.772092140268178e-05
4.45808269429977e-05
2.83484825835481e-05
4.682935325688268e-05
5.369057655006517e-05
3.544091038285635e-05
1e-16
1.206973734723836e-05
4.227425638807627e-05
3.844272679673963e-05
1e-16
3.587381398010192e-05
4.266985039705256e-05
4.137153491027541e-05
3.00293667482575e-05
4.293823355989717e-05
2.876689941568602e-05
2.448488467709361e-05
1.796368858724817e-05
3.173546659702267e-05
4.218921910409874e-05
4.183599559395605e-05
1.943900301810167e-05
3.028122844984558e-05
3.376719081162798e-05
3.712001454915626e-05
4.299649828137451e-05
4.294725062550742e-05
3.768445553793111e-05
2.940791643933908e-05
3.784005914451339e-05
2.14387360334481e-05
6.626782580205404e-06
6.833231417378928e-06
2.293353285590368e-05
4.128769554945381e-05
3.850870244056152e-05
2.833859510160796e-05
1e-16
3.457157698303731e-05
1.457490158121241e-05
3.508752061030593e-05
4.631198054650249e-05
4.08621612363395e-05
2.432354387863741e-05
2.824186597129432e-05
4.846436639539641e-05
4.522344444142574e-05
7.333517394329305e-05
5.810959319946203e-05
7.136009674326575e-05
4.730826979790318e-05
6.073113206009783e-05
6.08746427574884e-05
5.920365607317627e-05
6.678260017776817e-05
6.935995768227888e-05
4.011837187514457e-05
5.721930347755694e-05
6.627561109518873e-05
6.044018777051e-05
6.156207081690684e-05
6.711969756438518e-05
5.885879267305391e-05
2.784283299382554e-05
2.506380103598078e-05
5.854155335224636e-05
4.828956387688839e-05
1.418973110515616e-05
2.044096945126441e-05
7.673769115161915e-05
5.946442938824155e-05
4.353893019335393e-05
5.64638261697008e-05
5.793460192280423e-05
2.651327646241998e-05
1e-16
2.936021553111333e-05
4.84244675121575e-05
3.755662484963924e-05
1e-16
4.757795449950166e-05
5.866561327273004e-05
5.558014755273578e-05
4.412415812366962e-05
4.576340698199282e-05
2.705390393781662e-05
2.685626343771589e-05
2.753763811587134e-05
4.648188799048711e-05
5.352616139677952e-05
5.114340769525923e-05
3.169826870258124e-05
4.153045859099056e-05
4.494829863386567e-05
4.99929197555997e-05
5.716788301136162e-05
5.675680420647263e-05
4.966809190558227e-05
4.011126134475504e-05
4.588687084579734e-05
2.788254452701907e-05
8.211778132471775e-06
1e-16
3.421723687570776e-05
5.510550575634616e-05
4.86151017943694e-05
3.632604171301312e-05
1.635031451807808e-05
3.911450503555397e-05
3.114598408357051e-05
4.731607615578081e-05
5.938886535019141e-05
5.9440819298219e-05
5.172078003704834e-05
5.029029764505024e-05
6.300822385890928e-05
6.136825982208465e-05
8.861558755218467e-05
7.864950393396725e-05
9.20590639367175e-05
7.013257681277583e-05
8.1266156971139e-05
8.034999977492317e-05
8.230075205545693e-05
8.686951809618737e-05
8.478437668652341e-05
5.82380694827104e-05
7.640872617615933e-05
8.791698925775556e-05
8.21639490407845e-05
8.508764925698214e-05
8.829937230005828e-05
7.580090140351665e-05
4.266033703376257e-05
4.747155719946542e-05
7.81515578409989e-05
5.62237433790492e-05
4.02901681289586e-05
4.949882229479988e-05
9.355933415471669e-05
7.582635762394917e-05
6.340721132918066e-05
6.85512562904702e-05
6.146592943280514e-05
3.614224972420909e-05
3.447363851393877e-05
5.050219929410839e-05
5.611047203147115e-05
4.293531690796185e-05
1.088965389492796e-05
6.150202762008589e-05
7.354513810114586e-05
6.942015420393633e-05
6.021217350378556e-05
5.055749954333892e-05
3.474956217520813e-05
3.956901986307027e-05
4.62378838952179e-05
6.355523621971543e-05
6.558253027191254e-05
6.273029493217547e-05
4.83187704269617e-05
5.574443984195789e-05
5.851275602537396e-05
6.569149462207033e-05
7.463492520844261e-05
7.436934544452397e-05
6.480249134678288e-05
5.323979672303538e-05
5.917213196856004e-05
4.100630310351213e-05
2.052264020405411e-05
8.380122857932503e-06
4.752309976732302e-05
7.209081497836941e-05
6.19798303074797e-05
4.769369170878446e-05
3.345355073645826e-05
4.651581955891123e-05
4.903099290269004e-05
6.387242472369888e-05
7.683814066311816e-05
8.226117306540014e-05
8.180004024413696e-05
7.839758379724361e-05
8.660702537294858e-05
8.951698651881788e-05
0.0001090328011602816
0.0001060573560457644
0.0001185307168761128
0.000100300160567258
0.0001082579727954139
0.0001060011934038116
0.0001118158548366191
0.0001127884937490737
0.0001063020669713035
8.644505888436011e-05
0.000103161028083647
0.0001142713493473362
0.0001098159254649916
0.0001139264766263937
0.0001121821675322573
9.717062889890013e-05
6.90238116240001e-05
7.787022833168555e-05
0.0001003300819777079
7.276683627361416e-05
6.937204038253304e-05
8.116207103851071e-05
0.0001116047167960686
9.606196839700924e-05
8.755214872228331e-05
8.478996999774637e-05
7.053233614961637e-05
5.942425540441841e-05
6.389418691698338e-05
7.459329988631601e-05
6.969556675547576e-05
6.03290242227437e-05
5.443915793140448e-05
7.954175262468983e-05
8.948209788834455e-05
8.497576984336697e-05
7.726673805552016e-05
6.366613424950222e-05
5.471804151398506e-05
6.021967441593755e-05
6.978620522222121e-05
8.250290261549664e-05
7.950984467085464e-05
7.802817100024601e-05
6.857837368969421e-05
7.290116376078323e-05
7.524709253622477e-05
8.491690197895162e-05
9.595125675588021e-05
9.598366642497391e-05
8.354423290995825e-05
6.943680144076773e-05
7.760078541484646e-05
5.980078871746117e-05
3.93159751489624e-05
2.892646263644258e-05
6.228018210784277e-05
8.945781476014068e-05
7.941037432149623e-05
6.547507773439696e-05
5.506666091034932e-05
5.831643268000424e-05
6.881857289125404e-05
8.443113694116418e-05
9.938276634229376e-05
0.0001108932735781247
0.0001176799533547123
0.0001145088431688505
0.0001204790926706427
0.0001280585181968982
0.000138774882574573
0.0001421445308478958
0.0001528666517755132
0.0001388647941093173
0.0001437891228111571
0.000140042351784094
0.000149241462646888
0.0001465528662168446
0.000136911513246837
0.0001250724082749838
0.0001392787788353171
0.000147490334948955
0.0001448538346437014
0.0001487890255783968
0.0001408591992467357
0.0001249616666512401
0.0001054006859818845
0.0001153676589880418
0.0001273640596337795
0.0001008077656289824
0.0001053391454904226
0.0001169869220181567
0.0001339653402142043
0.0001224650411498628
0.0001166956541542352
0.0001077414675315855
9.163026885257161e-05
8.978175208916551e-05
9.693746157485775e-05
0.000103069803005016
9.225125447061721e-05
8.680862121293401e-05
8.875066376689516e-05
0.0001029723393955627
0.0001093015607648177
0.0001048521272707463
9.848062070121344e-05
8.640892776258436e-05
8.181865195948112e-05
8.747666275806054e-05
9.699120454493883e-05
0.0001034247448088149
9.697322383799424e-05
9.805337827546915e-05
9.227936715892197e-05
9.33353502672409e-05
9.597656560472525e-05
0.0001083540818820152
0.0001216328056578073
0.0001219367279826379
0.0001065068154653735
8.964872046334676e-05
0.0001013782075880637
8.358020680651706e-05
6.187935415246528e-05
5.115131656770793e-05
7.694705183412096e-05
0.000104303022800336
0.0001007542678795807
9.130327959792373e-05
8.376988364660511e-05
7.759238711627087e-05
9.252821796189862e-05
0.000110184525692469
0.0001279416241972526
0.0001468565269449601
0.0001613701590403159
0.0001599161132437601
0.0001657944132254829
0.0001774047902490187
0.0001818640178912777
0.0001893426975840089
0.0001976676946367761
0.000187771594876133
0.000190129319716645
0.0001852305364238603
0.000196435508155466
0.000190732388833135
0.0001800082419353955
0.000175619168854379
0.0001863537983596735
0.00019008434578519
0.0001887953459328027
0.0001908031812743705
0.0001772156892281167
0.0001630248716072186
0.000151799136327093
0.000160501566957187
0.0001624743687623398
0.0001414089648110488
0.0001494080928212111
0.0001584597019664741
0.0001643051399613054
0.0001571815893519612
0.0001525722262399459
0.0001403424440014256
0.0001265317825163176
0.0001294238681622233
0.0001367594035612155
0.000138225860206718
0.0001256795443448829
0.0001233418057926864
0.0001292504384646607
0.0001341126900135785
0.0001366216773918701
0.0001323970024241041
0.0001277154761850134
0.000118516325724599
0.0001158140225009913
0.0001213409084636679
0.0001282952788999862
0.0001286355591672575
0.0001212536120003024
0.0001246501693604849
0.0001205571977412507
0.0001188894741947799
0.0001223781072040034
0.0001365933575659445
0.0001521943280464158
0.000152734303817434
0.0001344321621776697
0.0001148546759092264
0.0001310385918201755
0.000112431351066358
8.721322202036775e-05
7.37917223364743e-05
9.039763220754893e-05
0.0001160032344868053
0.0001224688384664626
0.0001242657189333326
0.0001216101331481156
0.0001070852134426296
0.0001229735563744277
0.0001435118169526014
0.0001642676364613653
0.0001884509348925773
0.0002121512320713697
0.0002135178144812835
0.0002213024040955227
0.0002380261204071852
0.0002399431598873566
0.0002501285675110661
0.0002560024724122566
0.0002495844466521462
0.0002499024593271228
0.0002446734137259385
0.0002557594882421923
0.000248595592875018
0.0002391765470833759
0.0002399669214962541
0.0002460495611128064
0.0002448620114144516
0.0002434198898606292
0.0002419581759185722
0.0002253647315394673
0.0002146233777617205
0.0002093453499587869
0.0002148214744787601
0.0002098244089902369
0.0001957366869908608
0.0002033558058704268
0.0002080677678019303
0.0002066404400644581
0.0002025932175174059
0.0001980335888208286
0.0001857191917902497
0.0001754241796689608
0.0001797336426204238
0.0001849863623057377
0.0001831788760027725
0.0001718617567161459
0.0001713010821542983
0.0001767796841212047
0.0001755555910736622
0.0001749464427511228
0.0001708359506817109
0.0001671152320357327
0.0001609478362864046
0.0001581831387140872
0.0001628722804639831
0.0001656587981261088
0.0001615612609512997
0.0001554841254389018
0.0001598688605805883
0.0001557188689181808
0.0001524793293380806
0.0001572714762425269
0.0001723962149175117
0.000188177148184814
0.0001890551711696785
0.0001681566615241708
0.0001460183003126612
0.0001673592310033064
0.0001472039053974435
0.0001172777012031389
9.894794838526741e-05
0.0001050224142890727
0.0001260861793650443
0.0001421523820318712
0.0001596501452807272
0.0001668061670878266
0.0001446917686705989
0.0001596258113355557
0.000183054641317786
0.0002060273939116371
0.0002344585841761407
0.000266195950216535
0.0002725067906325011
0.000283689239176416
0.0003065266561071791
0.0003088237029337942
0.0003229687723876829
0.0003285118620103595
0.000325199662915511
0.0003245116387236056
0.0003198973549846269
0.0003298629125922645
0.0003232113491552476
0.000316878888363373
0.0003197829664503427
0.000320426868253666
0.0003148176789502676
0.0003111399079415929
0.0003057039821579345
0.0002896856144686614
0.0002822639341089884
0.0002799387757124748
0.0002813117063188295
0.0002736405041790533
0.0002650733628600484
0.00026952403277463
0.0002695637249271578
0.0002647649443112686
0.0002617976430064485
0.0002568988451035894
0.0002465448905643221
0.0002391236083140661
0.0002425302358832595
0.0002447262922507965
0.0002413264774836014
0.0002323751759232549
0.0002319682643680688
0.0002344809428035236
0.0002299333104261987
0.0002266358697307818
0.0002217588057843686
0.0002182502255859295
0.0002142913192592749
0.0002114543384254938
0.0002131548352030916
0.0002113774831671618
0.0002051448167617885
0.0002012689524940289
0.0002048724840944545
0.0001997606257181198
0.0001962504556080002
0.0002024363381916386
0.0002173847882851371
0.000231511178571914
0.0002317628848077132
0.0002085512406982774
0.0001840788847771838
0.0002113025681451154
0.0001891968391235768
0.0001552619402579583
0.0001299193724533352
0.000125239106586806
0.0001390019858816848
0.000160806536312483
0.0001917662318197513
0.0002117657929015244
0.0001882215560562896
0.0001993419540493439
0.0002242559173343826
0.0002493544597496034
0.0002817169386663568
0.0003206402660173956
0.0003334213405670617
0.0003492423715824657
0.0003771767547506971
0.0003824490294829827
0.0004004730229213315
0.0004073304766667925
0.0004076501325358265
0.0004076520120036511
0.000405317794599639
0.0004157136051967375
0.000411805417169691
0.0004103609725597542
0.0004145664852541999
0.0004110003393973673
0.0004017956850676728
0.0003946464760091433
0.0003858625448417294
0.0003718108936989607
0.0003662861156045341
0.0003649385506469901
0.0003633176271680956
0.0003556911210965315
0.0003499318773719964
0.0003505992116433535
0.0003472011729798696
0.0003412508109567835
0.0003376651810109334
0.0003323874231745579
0.0003239730893214498
0.0003182541220068112
0.0003195740316836023
0.0003192641526595507
0.0003153078933267166
0.0003082851677545249
0.0003067007951594637
0.0003058053480366776
0.0002992508112481554
0.0002932185407696414
0.0002865773099208663
0.0002827940052215514
0.0002799440080765722
0.0002765601711214024
0.0002736732401345299
0.0002679905799137482
0.0002614364562696523
0.0002591065385730821
0.000260365764653328
0.0002542286194758156
0.0002513945823203156
0.0002584792273546499
0.0002720214910581652
0.0002831750769736633
0.0002814108488857479
0.0002563516816931768
0.0002299107404722259
0.000263898849534547
0.0002399136798233743
0.0002028765035207373
0.0001697244202731932
0.0001549225716968585
0.0001593747587330098
0.0001800185694391297
0.000216034646614077
0.0002463280782117507
0.0002338143669265866
0.0002404816974816411
0.0002641425958771489
0.0002911075151598597
0.0003268687997347168
0.0003717028272935827
0.0003921501631323592
0.0004141305804852378
0.000445163613435223
0.0004556325898818306
0.0004760167868870914
0.0004848648963095911
0.0004888076407499056
0.0004909532575277668
0.0004928609638677342
0.0005040968580409578
0.0005054859871055366
0.0005094821820102803
0.000514460884649696
0.0005087235547220138
0.000497115300420008
0.0004870438738278636
0.0004761337223903206
0.0004643662965615505
0.0004604946761264913
0.0004598769572245989
0.0004572814612809309
0.0004507998812321937
0.0004464304108449564
0.0004446216324884136
0.0004395201253331307
0.000432885479139219
0.0004280034432168139
0.0004224144910844244
0.0004155267873841632
0.0004109050722141722
0.0004104421400507956
0.000408731919512206
0.0004046140442261814
0.0003986995337395331
0.0003954435072582685
0.0003915192705666999
0.0003832689675629743
0.0003746455906753112
0.000365760559910796
0.0003611230893604111
0.0003585755863451048
0.0003543293420406236
0.0003464106278150467
0.0003376792775466188
0.0003312765068408651
0.0003288055894901377
0.0003267909548656309
0.0003199483238482843
0.0003179493905614686
0.0003248044515161879
0.0003357317753229651
0.0003430021631878392
0.0003379698640836624
0.0003120408582198313
0.000284256824949346
0.0003261249806606874
0.0003010064327260984
0.0002625766933634109
0.0002223176212794906
0.0001978639881045532
0.0001910894549543406
0.0002028957345312399
0.0002324822836356348
0.0002654772558426351
0.000271226540102325
0.0002807357460080079
0.0003011884500238782
0.0003288662772810873
0.0003665064659973779
0.0004140071904932613
0.0004435804973626972
0.0004730760842185276
0.0005052823291281872
0.0005226985445822716
0.0005438272125026216
0.0005554373689093053
0.0005632698838445304
0.000569209037218431
0.0005762406455915362
0.0005887321385553528
0.0005955139223362324
0.0006027276756177671
0.0006063313515475822
0.0005992258128041458
0.0005868601185950702
0.0005755395184212925
0.0005650426400852852
0.0005568606526265339
0.0005549744718223573
0.00055511783278964
0.0005531532697723425
0.0005487842887093312
0.0005454214387055929
0.0005423259588158279
0.000536798767375147
0.0005303141118487503
0.0005249043677998271
0.0005196726165246412
0.0005144925436802335
0.0005110570962243894
0.0005098036020553135
0.0005076455800403895
0.0005037529189425652
0.0004985410931110056
0.0004938486831355005
0.0004876423251584644
0.0004782019539569896
0.0004678351732071242
0.0004572255277228244
0.0004512448306830072
0.0004482140825629162
0.0004427121288406134
0.0004328453481064158
0.0004225792832805255
0.0004155201448077839
0.0004109023708637701
0.0004052966119484939
0.0003976400418608796
0.0003950050690395171
0.000399648568452625
0.000407179322504938
0.0004101019425316182
0.0004018269345703412
0.0003759577100123382
0.0003476835410258538
0.0003989160963524897
0.0003742350264114687
0.0003362704543065079
0.0002922137580587648
0.0002582445601121716
0.0002392996212307959
0.0002375153643710385
0.0002524650955978669
0.0002770992136915239
0.0002946534505832336
0.000311999400595099
0.0003332613197042815
0.0003611906690666047
0.000398199987274823
0.0004437612757110826
0.0004815270646505761
0.0005175640770405631
0.000551296517312434
0.0005753620268080976
0.0005979708836325112
0.0006134361463032706
0.0006259074191258732
0.0006368636137003798
0.0006486130450960583
0.000662113313445641
0.0006716739569322401
0.000678674745838319
0.000679673651878699
0.0006723250442657578
0.0006614636718872201
0.0006518302230972125
0.0006445474495122527
0.0006407866665913652
0.0006412177946674816
0.0006425980476073614
0.0006423275959209173
0.0006403364953855594
0.0006380051563386537
0.0006348158116200523
0.0006300093506334461
0.0006246847718430899
0.0006200765417574372
0.0006161424114931706
0.0006128906613177559
0.0006108071931800277
0.0006096218218863354
0.0006076725572648921
0.0006043290113601383
0.0005997044213899849
0.0005942933437228478
0.0005870596076936169
0.0005774734960774635
0.000566764138619687
0.0005556459246770688
0.0005484489055828954
0.0005445468551643529
0.0005399104237288466
0.0005327117895592015
0.0005237897619625909
0.0005149234134448016
0.0005066121698629768
0.0004973260054071965
0.0004879302171216454
0.0004827018005365867
0.0004824888633379103
0.0004845110602798835
0.0004829934934529364
0.0004722517118383153
0.0004479274366657009
0.0004205005288056857
0.000482839074913618
0.0004596084490157207
0.0004226723666239176
0.0003781632657772834
0.000337824937690108
0.000308637170387473
0.0002932800552495607
0.0002918146152562278
0.000301639944673808
0.0003161593828028152
0.0003344480607377995
0.0003566518115727568
0.0003843270726593951
0.0004190369118048333
0.0004605572176097231
0.0005016704411719256
0.0005409210337678281
0.0005761857269001827
0.0006052012299156378
0.0006306003996661661
0.0006508227838272788
0.0006683272936095524
0.0006838756652327942
0.000698453961209986
0.0007115444768635011
0.0007206634815543649
0.0007256175738453859
0.0007251127489335816
0.0007197849575276368
0.0007131984976320528
0.0007083745589338416
0.0007063922727871308
0.0007074694336782557
0.000710813402993788
0.0007143078416288654
0.0007164485012012237
0.0007170033129487162
0.0007163810809044837
0.0007145460954051333
0.0007116279213157836
0.0007084199893816038
0.0007057106394777694
0.0007037207938400525
0.0007024187095070834
0.0007017177000327974
0.0007011584820014463
0.0006998560356339437
0.0006973364659758941
0.000693540158843216
0.000688513048203279
0.0006818031808933719
0.0006733665120986845
0.0006638248670683575
0.0006537521393203772
0.0006466578687840929
0.0006425624775964627
0.0006390690377341796
0.0006348077528596463
0.0006292889957494214
0.0006218890211529202
0.0006114546130211361
0.0005982643153349038
0.0005854930845666897
0.0005759847372708637
0.0005697846716531153
0.0005650804083655173
0.0005593737415592079
0.0005474339584862277
0.0005267909136300656
0.0005026292092571437
0.0005693367507301257
0.0005473823504347919
0.0005135464852659143
0.0004724160498770065
0.000431816131641912
0.0003977953206168367
0.0003732848298411553
0.0003591149538779413
0.0003546284802100105
0.0003578030230352218
0.0003675312823716118
0.0003831456850603049
0.00040477391133123
0.000432917949590928
0.0004674578663652254
0.0005050660276006668
0.0005422254228289909
0.000576501992638044
0.0006070728532923431
0.0006342040339687348
0.0006575603035392719
0.0006779823520794381
0.0006955504044216513
0.0007103971808907706
0.0007220514618566652
0.0007299360568275998
0.0007342483811581226
0.0007354291344975033
0.0007349299059611672
0.0007348603377988147
0.000736730359607304
0.0007409263872239
0.0007469904996549515
0.0007539151174969183
0.0007604189078874043
0.0007656042774378154
0.0007691977523619334
0.0007713416199086958
0.0007722313057560878
0.0007722141735816586
0.000771866658516097
0.0007717468583943211
0.0007721032172596083
0.0007728595505294149
0.0007737718077258704
0.000774434944620534
0.0007743356969079218
0.000773175761797069
0.0007709151324773268
0.000767552367077635
0.0007628667777534119
0.0007568879268906079
0.00074998848782798
0.0007426553406500216
0.0007373932565011446
0.0007341097108522384
0.0007316973657111554
0.0007291502289487511
0.0007255006491719722
0.0007196332991838516
0.0007105195234206725
0.0006980386548417089
0.0006825769102228046
0.0006671254866376366
0.0006550164023395298
0.0006440817164772263
0.0006351602822511249
0.000623438779618664
0.0006073853876361445
0.0005872556056756986
0.000635759889349062
0.000617882093639369
0.0005915684299109719
0.0005591125169291111
0.0005251127813267777
0.0004936416385594402
0.0004673865849701527
0.0004474266901084455
0.0004340739972696742
0.0004271086589566429
0.0004263697789209336
0.0004316233051460487
0.0004426159108762812
0.0004588629577968373
0.0004797670869522551
0.000503906862659141
0.0005301671230204416
0.0005565328002364158
0.0005821247243277117
0.000606393740222815
0.0006288613599881871
0.0006491367906555404
0.0006667218490108774
0.000681324009085721
0.000692832510913182
0.0007014294715095826
0.0007076747466774064
0.0007124754759504983
0.0007170337855642434
0.0007225007364648347
0.0007296237792804446
0.0007385133699892185
0.0007486528590500059
0.0007592012257993831
0.0007693181426574787
0.0007783522040967696
0.000785984547049226
0.0007922054755159001
0.0007971410502738695
0.0008009311008423794
0.0008039020671035809
0.0008065377806961599
0.0008091697003355637
0.000811842438911187
0.0008144779072315142
0.0008168965441983145
0.0008187915415921557
0.0008199598994179799
0.0008204357329004145
0.0008202594283020423
0.0008191731658214056
0.0008170561402004139
0.0008141386263035358
0.0008108389634951154
0.0008082993508586824
0.0008059695789363752
0.0008035357219355181
0.0008003110307351607
0.0007954755292821436
0.0007883231289537541
0.0007785003931210474
0.0007660331745935874
0.000751428061214909
0.0007357385608613686
0.0007200699458000628
0.0007051324088449188
0.0006915883647833629
0.000678433497740523
0.0006654282645270452
0.0006502900524269139
0.0006583807380696692
0.000647542867248546
0.0006327928580969604
0.0006140795189271886
0.0005930236087007212
0.000571556239612259
0.0005515148563772691
0.0005338540806194782
0.0005192453643294058
0.0005081380751195852
0.0005010184212276713
0.0004982302058799726
0.0005000061310762046
0.0005060930800917985
0.0005160130006972093
0.0005285505506644665
0.0005422174523014986
0.0005558947260466854
0.0005692449353564141
0.0005820280885590104
0.0005942528565788798
0.0006060956232747798
0.0006176120043442178
0.0006287558586866099
0.0006394891461962755
0.0006497467948494075
0.0006595583739572382
0.0006689567338272127
0.0006782013288960829
0.0006876535661142916
0.0006976107677396968
0.0007079568020344225
0.0007184213649675934
0.0007287598030605508
0.0007388603994402812
0.0007483528189024586
0.0007571256278153372
0.0007651774519490925
0.0007726492989631939
0.0007796060730861202
0.0007861934806834328
0.0007927491135017293
0.0007993932252036482
0.0008059526379435584
0.0008121285702287654
0.0008175737000190615
0.0008221124736694655
0.0008257055821953248
0.0008287186197343911
0.0008311900553113335
0.0008329970520019662
0.0008341200845112061
0.0008349155981875943
0.0008356561424329768
0.0008359965499220555
0.0008345580865698547
0.0008312349071414858
0.0008257350388370645
0.0008178309751209201
0.0008075847181569045
0.0007954742922613728
0.0007818644978366921
0.000766768007008041
0.0007503083193700125
0.000732817520343681
0.0007152850218105508
0.0006988795032146799
0.0006855349719682198
0.0006763670133652238
0.0006675199294333632
0.0006136523317617384
0.0006100630740352741
0.0006076775377601691
0.0006044018493639927
0.000598932902848279
0.00059143138859983
0.0005826888090630186
0.0005735438358537496
0.0005647861357674628
0.0005570193395710222
0.0005508571658839706
0.0005468559607653416
0.0005452149802456497
0.0005461295057280568
0.0005494502674615679
0.0005547257502260422
0.0005608111622457892
0.0005670237212798309
0.0005728865659198662
0.0005785368904027739
0.0005842414132448576
0.0005900155323445121
0.0005958522900747602
0.0006018124265927319
0.000608106457774338
0.0006147780623128196
0.000621461050703712
0.0006280939426845291
0.0006347114066460975
0.000641355195342
0.0006481940768582681
0.0006554119551859711
0.0006630302206078514
0.0006708468891001277
0.0006788283218953768
0.0006867023673956386
0.0006939763663404085
0.0007006765790554753
0.0007071285787102567
0.0007132289066474984
0.0007189438211454488
0.0007247265360340489
0.0007308999197145767
0.0007374045506396617
0.0007443079514926136
0.0007515888170914823
0.0007587166628945664
0.0007652530280399473
0.0007710380244055111
0.0007764172864265392
0.0007813981970750872
0.0007853472751818614
0.0007883275854959757
0.0007910167109663429
0.0007920281510256848
0.0007896170118961371
0.0007845770164250607
0.0007776348921233818
0.000768516416350195
0.0007569996958334519
0.0007433750217134524
0.0007284650333122444
0.0007127641780085605
0.0006960095210476994
0.0006779711522654149
0.0006594572449026131
0.0006420904319627351
0.0006288289128208181
0.0006220131963780321
0.0006179708555160916
0.0005147204627551111
0.0005167381535485016
0.0005243778018264345
0.0005338612325279473
0.0005417106467636861
0.0005469188559772882
0.0005494867368484033
0.0005499855263393756
0.0005491765210367792
0.0005477229262865455
0.0005461081966481409
0.0005447630393815109
0.0005440648871227384
0.0005442771323029523
0.0005454093308993632
0.0005468945367770254
0.0005481877556096352
0.0005495163648299097
0.0005507570543488913
0.0005515682188179208
0.000552004197161292
0.0005525146386254319
0.0005534671101536097
0.0005549604354120662
0.0005569554821127786
0.0005592487449578295
0.0005616507390836886
0.0005643180418532666
0.0005673570198648555
0.0005706286984768146
0.0005741342701101757
0.0005778341192086716
0.0005817506476883938
0.0005859535327571757
0.0005907300926783228
0.0005958636247940281
0.0006004155586494456
0.0006040941139263587
0.0006072142198029638
0.000610306335933203
0.0006135476177653049
0.0006169841418044857
0.0006211410231738293
0.0006264523701221645
0.0006324533587027566
0.0006387449201203967
0.0006453694587282847
0.0006521486050546665
0.0006584998885695361
0.0006641529664577143
0.0006693454582196291
0.0006744540578443661
0.0006794939047081926
0.000684321163112153
0.0006868712623880259
0.0006859675907798401
0.0006815165844526773
0.0006740014974251108
0.0006642407683671369
0.0006525062264270333
0.0006390026919354592
0.0006242114792844057
0.0006083865848266084
0.000591397704980608
0.0005731340699912829
0.0005544387275196706
0.00053701553072915
0.0005239133811445344
0.000517854597156514
0.0005160886047195726
0.0004058789682842287
0.0004100189219726878
0.0004214119304297029
0.0004361277751986517
0.0004504956373372204
0.0004636248118254806
0.0004746153381060621
0.0004831309782853705
0.000489635661589146
0.0004947088237273579
0.0004986238836589391
0.0005015164801013299
0.0005036168881344052
0.0005048381903388423
0.0005052399254789577
0.0005041655819465575
0.0005020132568782825
0.0004999683036296671
0.0004978752722626444
0.0004954476808429767
0.0004929977597796756
0.0004908659481243872
0.0004890556937512499
0.0004874928672152335
0.0004864542119879479
0.0004857603462204715
0.0004852582499414892
0.0004848380587487221
0.0004849338831164038
0.0004855930526387412
0.000486343617399532
0.0004868858310592372
0.0004876990248886634
0.0004891933089092057
0.0004913456845736516
0.0004939724440717552
0.0004971147125800486
0.0004999548797034813
0.0005021126927781861
0.0005038341502310216
0.0005053681029818302
0.0005066401447459854
0.0005081486889075543
0.0005105567916643487
0.000513727548543458
0.000517344611029285
0.0005216304687244677
0.0005266876108944766
0.0005324410270079984
0.0005382787928023713
0.0005440019364911906
0.0005495815513477317
0.0005551322187325694
0.0005605971615313401
0.0005636518895134849
0.0005631528241842803
0.0005590039137882616
0.0005518221308585062
0.0005425697362712191
0.0005315401884194233
0.0005189876337608469
0.0005053072898847479
0.0004904026061584285
0.0004738507742505465
0.0004558246414172977
0.0004380843797635159
0.0004226217048682445
0.0004114508376430566
0.0004065702490413139
0.0004059328629166955
0.0003135843376512338
0.0003180470225361664
0.000329583853460999
0.0003449963916250149
0.0003606883802812203
0.0003752652300758829
0.0003879371931936282
0.0003985102578137037
0.000407221925080801
0.0004147471032768693
0.0004216646139874623
0.0004277462074038473
0.0004324999535491255
0.0004357756107909995
0.0004370792749773308
0.0004360299360151473
0.000432945378639084
0.0004302573559935915
0.0004277388483289143
0.0004248111861086063
0.0004213639737821456
0.0004178135455333958
0.0004143107915223412
0.0004107004400892493
0.0004073672772232087
0.0004044903878038335
0.0004017874238474874
0.000399250941581405
0.0003970192759978417
0.0003957507031806294
0.0003948323025068112
0.0003936871266488217
0.0003923259773676963
0.0003913170094322453
0.0003907881155279478
0.0003908139288234162
0.000391685549022087
0.0003928934874738279
0.0003938801684945487
0.0003951209292688622
0.0003963984023287624
0.0003972635165102041
0.0003979344904454261
0.000399152419137189
0.0004008683198018213
0.0004025049769830709
0.0004043558796217296
0.0004071774371436952
0.0004110154934897586
0.0004153594497247531
0.0004200081991900894
0.0004249813760288748
0.0004299272355322071
0.0004346631170798499
0.0004370193489792311
0.0004362928097961041
0.000432082359758217
0.000424965835427541
0.0004162763174880151
0.0004067700668911738
0.0003964198965277902
0.0003855579192874629
0.0003743141291316196
0.0003622102524836328
0.0003489883993243549
0.0003358859291992904
0.0003244339070279183
0.0003163470485055376
0.000313078295112442
0.00031310937987015
0.0002394337257662579
0.0002434695116968537
0.0002536403679688484
0.0002675366822859015
0.0002819956712155998
0.0002958081825255192
0.0003082603902322238
0.0003191984364341921
0.0003286321007244731
0.0003368163265057969
0.0003439068587390931
0.0003496534580169311
0.0003534875868872921
0.0003552922981701455
0.0003548429975876008
0.0003522184872410419
0.0003477691494373002
0.0003436695484714723
0.000340215068807195
0.0003372467021744257
0.0003342708473814107
0.0003311842870280086
0.0003280325156671992
0.0003246989410552655
0.0003210495778294153
0.0003174474577737561
0.0003136332375266237
0.000310374842157899
0.0003069384452741513
0.0003040133706479466
0.0003015885097424749
0.0002998325555425857
0.0002980552370944927
0.0002963869101570705
0.0002948042871532935
0.0002937448821850617
0.000292757065744202
0.0002926492947838798
0.0002926429235427326
0.0002930286395311089
0.0002937309268719092
0.0002943242720973162
0.0002946471126086295
0.0002951535165814584
0.0002961369343152272
0.0002971078004078781
0.0002980986229351023
0.0002997032462616163
0.000301874757758489
0.0003046205634571091
0.0003077159001864409
0.0003114298912041326
0.0003153779351987539
0.0003189738848786947
0.0003203687924123198
0.0003202052616936391
0.0003180640680793885
0.00031368352445448
0.0003080832822746633
0.0003024669019188347
0.0002963744810892465
0.0002893390271183554
0.000281711098936358
0.0002736355328757152
0.0002646093767199726
0.0002549453731832144
0.0002461747851427708
0.0002404179353700568
0.0002386698111969721
0.0002390646362983274
0.0001836952228357586
0.000186506864207969
0.0001945819156961978
0.00020615397335725
0.0002182091734752717
0.0002297521834242728
0.0002404974779028742
0.000250402663109781
0.0002593541978841244
0.0002672387247728563
0.0002739998602792767
0.0002795569813344179
0.0002833033778202093
0.0002847947236064464
0.0002839241069981975
0.0002809783959564517
0.0002768587044885809
0.0002724506713760815
0.0002681054037835428
0.0002644918958166718
0.0002615426687035668
0.0002587248958426546
0.0002559095323651531
0.0002534135689135435
0.0002508061395243101
0.0002479235849905019
0.0002446319693609257
0.0002419639065188225
0.0002395852768562946
0.0002369035733576337
0.0002338960104555744
0.0002317430426515477
0.0002301914913958049
0.0002286951193273067
0.0002269188671508984
0.0002256187391223368
0.0002236808939399433
0.0002221997359976934
0.0002213467265599853
0.0002208583984936734
0.0002206422550129475
0.0002207978670186242
0.0002211835861048065
0.0002213444562346516
0.000221533076556296
0.0002220092300010011
0.0002226943652834552
0.0002235498711517299
0.0002245155338584043
0.0002260453095243581
0.0002279168339853729
0.0002302590450032572
0.0002331774694380072
0.0002360976529129998
0.0002369141557100961
0.0002365070964729824
0.0002354331350407396
0.0002331612125213155
0.0002295769066841363
0.0002254920391990299
0.0002215141335782529
0.0002174459266475706
0.0002126852699213879
0.0002075114697413721
0.0002020144750901223
0.0001959583283281779
0.000189452135802461
0.0001844701324010889
0.0001829146013945123
0.0001835441934829365
0.0001435931341322447
0.0001449668387866873
0.0001506953224240372
0.0001595081394131595
0.0001693397086407606
0.000177969245460027
0.0001863343638933629
0.0001945321908842256
0.0002024287362210278
0.000209515296855556
0.0002155189406522764
0.0002204525517733954
0.0002239648032459773
0.0002255206919069578
0.0002249517546563709
0.0002223059174474511
0.000218796273731167
0.0002152226920873444
0.0002114658689289002
0.0002079612219382504
0.0002051193673014994
0.0002026256915043229
0.0002000973784710094
0.0001977748875754979
0.0001957704538351483
0.0001937707661763934
0.000191648057881084
0.0001896322803023789
0.0001880988086108294
0.0001864581183965237
0.0001843825486328189
0.0001825828311287755
0.0001812600404341954
0.0001800938651427755
0.0001785940507522337
0.0001773495259975014
0.0001755345995626992
0.0001736589626153818
0.00017273985830934
0.0001722330863015356
0.0001717351852155882
0.0001715244728095275
0.0001721641414198737
0.0001725367608616275
0.0001722785200028252
0.0001721039828245137
0.0001724333900628317
0.0001729573611773605
0.0001733373307278069
0.0001740052019416131
0.0001751739288435245
0.0001766349976974897
0.0001784704148553141
0.0001807334526600969
0.0001817847081472096
0.0001815038177265735
0.0001805307058374864
0.0001792032194648045
0.0001771437813939583
0.0001742737985580779
0.0001712157966084108
0.0001685708533110409
0.0001654823440236902
0.0001618598238467339
0.00015809376385009
0.0001544029075033476
0.0001498543801460341
0.0001454910645473698
0.0001433695933171096
0.0001436545854959301
0.000116927304462242
0.000117497975311175
0.0001207449444063826
0.000126301709181663
0.0001336980155683181
0.0001396207688096793
0.0001454054960003421
0.0001513704652363537
0.0001577651871089269
0.0001636606183797425
0.0001688162210354161
0.000173195287515008
0.0001763806538070891
0.000177891003732433
0.000177642497275408
0.0001756919308650032
0.0001729188625664042
0.0001700493189250753
0.0001671743476801235
0.0001644740298886769
0.0001621794249124583
0.0001601833313707853
0.0001583636289670196
0.0001567828385714288
0.0001554798087658346
0.0001542803999235323
0.0001530990307754165
0.0001519944833665654
0.0001510097649396466
0.0001498869014547638
0.0001486318466610577
0.0001476576373325756
0.0001468997854209953
0.0001462341043120275
0.0001453542246314179
0.0001447280967991947
0.0001436444651625297
0.0001426528152925274
0.0001423096058044264
0.0001422229723239393
0.0001423075984404248
0.000142716129245169
0.0001437429302083248
0.0001442939540663751
0.0001442432783894098
0.0001442892929172332
0.0001447166334511664
0.0001450464944511088
0.0001450504313915392
0.0001452050897412046
0.0001457740676322632
0.0001464503808762055
0.0001473132601338318
0.0001487131850122963
0.0001496919083275322
0.0001495932122774725
0.0001486787048439643
0.0001476073587519593
0.0001462704176204004
0.0001442515742501662
0.000141643151215092
0.000139211677468445
0.0001366512476020782
0.000133548593075794
0.0001301058528938924
0.0001269456104775288
0.0001236128781179472
0.0001202972032972775
0.0001179957161265188
0.0001173301202248814
9.736754999597952e-05
9.775919893461325e-05
9.972060874583923e-05
0.0001035648053532863
0.0001088997784456473
0.0001133874350817288
0.0001171471722239168
0.0001207489807446531
0.0001251647953295024
0.0001295495417314566
0.000133559785846724
0.0001371072805474619
0.0001398778399481735
0.0001413128382369103
0.0001412733390671868
0.000140004102660496
0.0001382926652751596
0.0001364491080452742
0.000134413396658122
0.0001325523953817621
0.0001312204723874686
0.0001302540773127471
0.0001294830896806233
0.0001290031349975323
0.0001287730359371351
0.0001285024214153368
0.0001281229446254512
0.0001277603273877898
0.000127519355860494
0.0001270152568616952
0.0001262618049203257
0.0001256558946964753
0.000125402268816782
0.0001252862211700168
0.0001251196953105603
0.0001252640309812569
0.0001249555734759632
0.0001242396815019304
0.0001237408708067496
0.0001236789478035286
0.0001236745977154229
0.0001239736705034745
0.0001249495272989534
0.0001259208414418891
0.0001263088631289228
0.0001263965080233273
0.0001267369393582678
0.0001271342680379906
0.0001271473783630234
0.0001269897358336622
0.0001271283986253294
0.0001273481777517178
0.0001276087407885186
0.0001283595501051815
0.0001291412436170236
0.0001291808171168753
0.0001283601279059813
0.0001272152039449365
0.0001258526716743147
0.0001238805966047718
0.0001213368076457826
0.0001187852232653206
0.0001161533798336732
0.0001130378079727697
0.0001095580780521047
0.0001063551084092149
0.0001034694920189521
0.000100674958081365
9.850526428779608e-05
9.761639559099693e-05
8.131656021793894e-05
8.166241321177418e-05
8.318827037573156e-05
8.625868143317101e-05
9.047525091456376e-05
9.436028175310292e-05
9.733756630567494e-05
9.994830991819671e-05
0.0001031619372168818
0.0001064425482626178
0.0001095414080170759
0.0001123060284042893
0.0001146359969733197
0.0001161197331848822
0.0001165510285692258
0.0001161955012874044
0.0001156252799762175
0.000114921872447928
0.0001138802956650111
0.0001128016397272596
0.0001120848512230636
0.0001116007948587773
0.0001111583931135836
0.000110859819846184
0.0001107284301120085
0.0001105346710528992
0.0001101275311910651
0.0001097177120306924
0.0001094371103971522
0.0001089275783718662
0.0001081681639868528
0.0001075469109737892
0.0001074273359826468
0.0001076080908786154
0.0001080104983621018
0.0001088487267405057
0.0001093201791711855
0.0001090928863602829
0.0001088891971578798
0.0001090840801946379
0.0001091546722547165
0.000109236490713316
0.0001099805355661535
0.0001111346759969047
0.0001118542100677589
0.0001120305007201308
0.0001122910680406084
0.0001127483848149399
0.0001128727862666057
0.000112657255536204
0.0001125200141074735
0.0001123632395138828
0.0001121269200115694
0.000112227398129062
0.0001124364830108312
0.0001121754974206478
0.0001112524470574595
0.0001099894997354752
0.0001085339668759454
0.0001065889694283043
0.0001041637420201415
0.0001016440107993766
9.902426838563707e-05
9.599329007658649e-05
9.264207651011947e-05
8.956151095707708e-05
8.694349172759125e-05
8.44396905543872e-05
8.242357121808952e-05
8.149456796496685e-05
6.767683010846127e-05
6.798027437975796e-05
6.935951393584464e-05
7.206301908882163e-05
7.577657519772715e-05
7.940976564888569e-05
8.211887495799965e-05
8.43351751093906e-05
8.687084016008281e-05
8.938077170449974e-05
9.182085968855115e-05
9.407136818899035e-05
9.616108509575754e-05
9.767794256739129e-05
9.849426042834829e-05
9.883136085035427e-05
9.902513193744306e-05
9.901094351051133e-05
9.855977899978627e-05
9.794566160338983e-05
9.751294136032492e-05
9.712433368172791e-05
9.664469446170756e-05
9.620696285746729e-05
9.587191066313726e-05
9.55300333210682e-05
9.499008189439206e-05
9.456521024802697e-05
9.423652939439542e-05
9.368651864396023e-05
9.285760551278081e-05
9.215830166529028e-05
9.197527648060471e-05
9.218787868150607e-05
9.283863312362976e-05
9.403228165291973e-05
9.500915307537559e-05
9.535735313964455e-05
9.569128501256379e-05
9.625144479582324e-05
9.653585671548621e-05
9.665668679530042e-05
9.724666481427989e-05
9.819621310730491e-05
9.880421378761306e-05
9.894781358215378e-05
9.921520476842195e-05
9.972512593590184e-05
9.997297592207324e-05
9.988399365902871e-05
9.970076735764108e-05
9.930882669702584e-05
9.86684717953625e-05
9.817550788944396e-05
9.77062287149728e-05
9.688718331819059e-05
9.559130635922805e-05
9.41109700213581e-05
9.257349261527944e-05
9.072872682676017e-05
8.855826269358381e-05
8.632298359748009e-05
8.400190694759446e-05
8.13400372189116e-05
7.833981197699973e-05
7.559601291545562e-05
7.321472447497133e-05
7.087384158173527e-05
6.891202993201151e-05
6.78865642419955e-05
5.5972803338585e-05
5.621040358655397e-05
5.755845893240144e-05
6.006371364367471e-05
6.356382808651027e-05
6.71679024320957e-05
6.999231225688207e-05
7.219649792185717e-05
7.432641470434777e-05
7.615143986690204e-05
7.782388825010222e-05
7.937149728341113e-05
8.102365982656238e-05
8.23525619190777e-05
8.333323968410099e-05
8.415804033067729e-05
8.503478421117221e-05
8.574452422141066e-05
8.597418987044352e-05
8.58770781310582e-05
8.572374594176455e-05
8.531696746671847e-05
8.459499769347461e-05
8.377933519619631e-05
8.304258534901058e-05
8.235066687727313e-05
8.16472586595151e-05
8.126302241010495e-05
8.10786154843795e-05
8.072503027275147e-05
8.000484019595404e-05
7.924837584055251e-05
7.878462391044595e-05
7.863164433057461e-05
7.902587248780574e-05
8.015981297891539e-05
8.139930059465556e-05
8.231441981593703e-05
8.334023471395859e-05
8.44562363331589e-05
8.513341047538339e-05
8.539249924879102e-05
8.584379061826419e-05
8.636674051198347e-05
8.656678449155319e-05
8.640953235139221e-05
8.651392418748199e-05
8.699475254690255e-05
8.73824831446073e-05
8.755187743411888e-05
8.757999553830096e-05
8.724945483181592e-05
8.645117993175895e-05
8.55203439453335e-05
8.440990751599009e-05
8.293899130246038e-05
8.108398276706105e-05
7.925134787553512e-05
7.75878659411351e-05
7.589281636749434e-05
7.411118291534126e-05
7.240951826108568e-05
7.071132339516165e-05
6.87388396138728e-05
6.632329963422819e-05
6.402141388947308e-05
6.182513626318398e-05
5.954611062625502e-05
5.756702568090388e-05
5.634229649358136e-05
4.594730045079878e-05
4.608732837966692e-05
4.750518677061656e-05
4.988113699071222e-05
5.322070317238885e-05
5.682278395598073e-05
6.001124534426817e-05
6.255356221800613e-05
6.450317370256857e-05
6.570979867593195e-05
6.647145706403595e-05
6.706821107728204e-05
6.800902711740919e-05
6.890061600852202e-05
6.98192521811019e-05
7.091773346783219e-05
7.239182599528448e-05
7.391702142739621e-05
7.505021687818758e-05
7.563353260675766e-05
7.584306172594381e-05
7.540034809851464e-05
7.434810032480043e-05
7.298295924002175e-05
7.168323669060769e-05
7.049245461542182e-05
6.955352074169613e-05
6.91958225110734e-05
6.930335577762906e-05
6.943385099800858e-05
6.916041619233475e-05
6.855899301419402e-05
6.779915422886806e-05
6.699221446278206e-05
6.662632135808559e-05
6.719592764541061e-05
6.837162221410981e-05
6.973088777703676e-05
7.148069125614701e-05
7.33351586747887e-05
7.463224744983664e-05
7.514319802933162e-05
7.54568407075102e-05
7.535181479761942e-05
7.496465580276379e-05
7.432186521845393e-05
7.408498661299065e-05
7.439381513216078e-05
7.487714901658631e-05
7.53554254183077e-05
7.576760243993636e-05
7.577468091928565e-05
7.512169649326866e-05
7.399891793229137e-05
7.238187045484215e-05
7.029883549504082e-05
6.783783351518985e-05
6.554616429551526e-05
6.368659641476283e-05
6.215372979017827e-05
6.087415464555075e-05
5.991551419639621e-05
5.910767097549609e-05
5.803387798440517e-05
5.634043488164794e-05
5.445178982027952e-05
5.233322706829733e-05
5.003432309163537e-05
4.808145124006653e-05
4.664221382309298e-05
3.746709030439994e-05
3.745621599773698e-05
3.904445261655731e-05
4.131729411938082e-05
4.437153889419586e-05
4.780886551504571e-05
5.140063607940078e-05
5.454031585685493e-05
5.647782881229571e-05
5.718035229453759e-05
5.701950234230972e-05
5.655368059176067e-05
5.661278635755519e-05
5.691192553112177e-05
5.761043384126615e-05
5.879244181290088e-05
6.070334499961759e-05
6.302336576913488e-05
6.519383472189497e-05
6.653874004074291e-05
6.711234965791965e-05
6.661111766782782e-05
6.525529181421897e-05
6.332074553835831e-05
6.142946249267545e-05
5.970140247458633e-05
5.847873196071882e-05
5.807101802228554e-05
5.849103981377799e-05
5.928851846699971e-05
5.975864473895593e-05
5.959320876936528e-05
5.869836498883211e-05
5.718575472870548e-05
5.577162428033333e-05
5.534403827535177e-05
5.609329570656915e-05
5.774894278385862e-05
6.016250135602997e-05
6.281655432223663e-05
6.486143865365373e-05
6.564273052688502e-05
6.582764958636168e-05
6.497813098263138e-05
6.397061800715782e-05
6.281346622340253e-05
6.217310707578097e-05
6.222864932491244e-05
6.274806514585853e-05
6.351696179486521e-05
6.43648728854693e-05
6.484713038272554e-05
6.454824382133237e-05
6.345507901625951e-05
6.14917851957133e-05
5.895733488665993e-05
5.597856305556114e-05
5.323133557842509e-05
5.11347945998863e-05
4.976549817041224e-05
4.908066597483084e-05
4.897596981239636e-05
4.915489237250458e-05
4.900863493004292e-05
4.801407723195944e-05
4.641013122911237e-05
4.427754405716635e-05
4.195517439611487e-05
4.018635225153436e-05
3.860768030125135e-05
3.045798473922212e-05
3.022493917957604e-05
3.200831741085407e-05
3.421150829144979e-05
3.674183848418597e-05
3.977326146531962e-05
4.358625003253983e-05
4.739984310367138e-05
4.938344091327214e-05
4.970834456202579e-05
4.883693179073203e-05
4.744526573322352e-05
4.661960861472446e-05
4.63309633916603e-05
4.67747314942896e-05
4.788116718522906e-05
5.000331402221231e-05
5.2954595597033e-05
5.604894272938645e-05
5.808360394615903e-05
5.886563545141173e-05
5.828102107580679e-05
5.671463621140511e-05
5.43909360291136e-05
5.204951815203962e-05
4.990624146199402e-05
4.844282484178285e-05
4.791149330744015e-05
4.853460648079207e-05
4.999796483497967e-05
5.13124388045648e-05
5.172921654790232e-05
5.089445158107979e-05
4.884820011731516e-05
4.643404224289075e-05
4.481841480701001e-05
4.48465870270608e-05
4.668538635476332e-05
4.962897666592266e-05
5.298776730719265e-05
5.571324137125466e-05
5.664685970161351e-05
5.666004054879769e-05
5.509078456457711e-05
5.361329117051987e-05
5.209048127801009e-05
5.11277069747627e-05
5.093945016718502e-05
5.145876756480926e-05
5.246094279735111e-05
5.368513713868186e-05
5.461799009844068e-05
5.472760922281708e-05
5.379176136212432e-05
5.160860990529604e-05
4.887079473180329e-05
4.559635757459023e-05
4.2541879037625e-05
4.021281776100012e-05
3.899633309397745e-05
3.889908928487361e-05
3.961343654029046e-05
4.064147404430615e-05
4.128334861358874e-05
4.085264735176694e-05
3.938343017104906e-05
3.722720879749024e-05
3.503435503159252e-05
3.364938737734968e-05
3.202153409590065e-05
2.482185498224498e-05
2.430640331811055e-05
2.61738063364564e-05
2.830984667126941e-05
3.01617163477402e-05
3.257220945835243e-05
3.626817175088953e-05
4.059930662446943e-05
4.259060783334581e-05
4.264832081227773e-05
4.142966161826373e-05
3.949538541645963e-05
3.795504392577443e-05
3.720709177294276e-05
3.746732792348239e-05
3.838640646532224e-05
4.043503081864629e-05
4.379720467469358e-05
4.736304262118525e-05
4.993875849728919e-05
5.068775598625722e-05
5.001442449993034e-05
4.837993683157226e-05
4.596713153977205e-05
4.344178347143963e-05
4.112362607423909e-05
3.956742061134886e-05
3.889232093891362e-05
3.953336733279561e-05
4.146631964866336e-05
4.349401479981499e-05
4.441277273250138e-05
4.376090653391121e-05
4.148232713937704e-05
3.843604830670178e-05
3.578182047960371e-05
3.493520685902403e-05
3.685755788378002e-05
4.011753677712563e-05
4.39126378532214e-05
4.708833217013167e-05
4.802865019187997e-05
4.771184087750453e-05
4.567319227076164e-05
4.399575286351145e-05
4.237739413784737e-05
4.126385502281763e-05
4.08927948856961e-05
4.138305119655074e-05
4.252542453670144e-05
4.398183318049316e-05
4.522278806520357e-05
4.567580441472885e-05
4.495085226739907e-05
4.265591926376022e-05
4.002316427284601e-05
3.676716451543807e-05
3.3677299608346e-05
3.118638894823224e-05
3.001255195907552e-05
3.038816186161944e-05
3.16996351888798e-05
3.325256271171706e-05
3.441739855184392e-05
3.43910684811575e-05
3.298585046831199e-05
3.08354660472438e-05
2.907735049430393e-05
2.821980321326999e-05
2.663413039122595e-05
2.034167434996992e-05
1.957153362381102e-05
2.130206726945406e-05
2.330260510958204e-05
2.453127756360147e-05
2.621414430207827e-05
2.942338000161767e-05
3.387668868764768e-05
3.579685216666394e-05
3.571630723505861e-05
3.452586150433952e-05
3.253574054634054e-05
3.060727165634996e-05
2.958256268676224e-05
2.97734789868567e-05
3.047681926529915e-05
3.213980243182129e-05
3.544103937855717e-05
3.916980910177214e-05
4.193735775715973e-05
4.248501649543273e-05
4.174426267990869e-05
4.021944329975071e-05
3.801378145091648e-05
3.561119210778786e-05
3.339357144884001e-05
3.193390649791482e-05
3.11599639270084e-05
3.164065377773745e-05
3.367979566131232e-05
3.610769240309042e-05
3.729304369839025e-05
3.686484131046268e-05
3.468065621897781e-05
3.15492480590621e-05
2.83352484943796e-05
2.670901800592202e-05
2.849147873890809e-05
3.178231273667903e-05
3.559395856252893e-05
3.886272675540346e-05
3.985801560096894e-05
3.884192855085704e-05
3.69070032364663e-05
3.53066937897322e-05
3.386584675510959e-05
3.277852501816246e-05
3.228845428494551e-05
3.269785341568991e-05
3.384151465515326e-05
3.532941444013658e-05
3.667938769428281e-05
3.735590433061689e-05
3.68756748969948e-05
3.46471178959254e-05
3.242017694299273e-05
2.951905965658503e-05
2.670920560832601e-05
2.423820329560465e-05
2.288092425800106e-05
2.362430903557575e-05
2.506528663802955e-05
2.675639999076335e-05
2.810034768653202e-05
2.834798274503852e-05
2.710608592055535e-05
2.513972836863366e-05
2.381638247221163e-05
2.342836514219324e-05
2.210699491247994e-05
1.667892377900971e-05
1.579461992632429e-05
1.719123739823688e-05
1.894213713092181e-05
1.975093947477719e-05
2.076333152472704e-05
2.323681718498304e-05
2.724624275164251e-05
2.900514128803557e-05
2.89441878050193e-05
2.806403958334615e-05
2.642599540770477e-05
2.451930612104606e-05
2.343891477150868e-05
2.363181018815691e-05
2.413840952144907e-05
2.52233206239831e-05
2.788528008300098e-05
3.15066664268927e-05
3.403937801554945e-05
3.437067698794582e-05
3.364132990911496e-05
3.239667444205031e-05
3.062457709828032e-05
2.860221758056415e-05
2.672221075279885e-05
2.550605458365349e-05
2.47341284240667e-05
2.493532716313225e-05
2.668924714094003e-05
2.908759591122573e-05
3.028057814943391e-05
3.005361288002232e-05
2.824789259127995e-05
2.556619497154473e-05
2.244784734467446e-05
2.044813112343615e-05
2.172405106863991e-05
2.469942089570969e-05
2.804517537938872e-05
3.098309527274868e-05
3.190408703624444e-05
3.053193312879822e-05
2.903701075634469e-05
2.771897537406571e-05
2.662758642543327e-05
2.570214568710853e-05
2.516923500380487e-05
2.543408202434487e-05
2.640998267501489e-05
2.770805625897363e-05
2.89519123804082e-05
2.970696381474267e-05
2.948943660918571e-05
2.763496505900292e-05
2.59712726246331e-05
2.369033595852629e-05
2.138064373173654e-05
1.917951030567835e-05
1.767688907293922e-05
1.844094611943832e-05
1.964964060536556e-05
2.11062600166406e-05
2.23156072125281e-05
2.268837135149016e-05
2.175958327335304e-05
2.018769635496902e-05
1.915043941539129e-05
1.901641726233968e-05
1.81333281246709e-05
1.350704308958146e-05
1.269630175191177e-05
1.369614963826885e-05
1.508653570805516e-05
1.567291801197012e-05
1.625163071103268e-05
1.793124062366288e-05
2.101820771128839e-05
2.249757338046241e-05
2.257664104373674e-05
2.21140354196513e-05
2.104138833098379e-05
1.950984427369332e-05
1.854084889170487e-05
1.874397172500384e-05
1.90934274533388e-05
1.964349121703839e-05
2.139841425881836e-05
2.441316604682798e-05
2.641165621824097e-05
2.659494704383163e-05
2.599977296358766e-05
2.514334574662075e-05
2.391988746322529e-05
2.243624844583151e-05
2.102777285015624e-05
2.01121813812196e-05
1.945868718942706e-05
1.939771066113199e-05
2.061195037888081e-05
2.254734977979905e-05
2.353045644849907e-05
2.344599752147346e-05
2.220466978122722e-05
2.030143014863566e-05
1.78154997541679e-05
1.597638902460483e-05
1.655247222201407e-05
1.888850559477058e-05
2.139687725390539e-05
2.3621499325739e-05
2.42664772404068e-05
2.326426897619696e-05
2.223672746035556e-05
2.129429630258638e-05
2.0591445465408e-05
1.990877997860366e-05
1.943525164438111e-05
1.953910478453752e-05
2.022794930596306e-05
2.117472018850736e-05
2.21337644635642e-05
2.281152541478442e-05
2.278023063949352e-05
2.160860056308547e-05
2.045165326374099e-05
1.889246717071187e-05
1.716863883693305e-05
1.540012486826477e-05
1.404631466285845e-05
1.44831368838364e-05
1.535659509522705e-05
1.637804357945048e-05
1.727362152830785e-05
1.761576893983634e-05
1.702349871435525e-05
1.590629043355174e-05
1.510608134786786e-05
1.50437615793892e-05
1.453748151967746e-05
1.065439788603328e-05
1.003339889343006e-05
1.068981156654665e-05
1.169232709242719e-05
1.215193643931578e-05
1.252332855016545e-05
1.35791830267538e-05
1.56577119544772e-05
1.67751109431791e-05
1.698037462936925e-05
1.683911386607318e-05
1.628473621287195e-05
1.527026983904036e-05
1.451864256127578e-05
1.468712934973513e-05
1.492150493649768e-05
1.514541800036593e-05
1.61100688306008e-05
1.817212057886608e-05
1.950342050427375e-05
1.963376971884788e-05
1.926018322534697e-05
1.876896353649442e-05
1.804939060808198e-05
1.710485784871991e-05
1.616319194566403e-05
1.55223671036394e-05
1.504130582179062e-05
1.485963004112844e-05
1.554623986985373e-05
1.681119445599719e-05
1.748204817809312e-05
1.747705923258713e-05
1.67774378242851e-05
1.563035786574545e-05
1.395709653124916e-05
1.25617302231796e-05
1.264335285066783e-05
1.424233755435998e-05
1.584944380668563e-05
1.726875665907891e-05
1.771321441303029e-05
1.718100331724866e-05
1.659039492638963e-05
1.600138987386374e-05
1.559524000640246e-05
1.516157304880006e-05
1.481010087056721e-05
1.481549196615121e-05
1.52324070162406e-05
1.582749522284677e-05
1.645654733230984e-05
1.695775194003166e-05
1.703480169267617e-05
1.644952093123605e-05
1.571327368712462e-05
1.4752725721264e-05
1.3585710548853e-05
1.229835516051595e-05
1.123006574262383e-05
1.13599725818806e-05
1.191191554565986e-05
1.253067430991106e-05
1.30902003010788e-05
1.33246374588568e-05
1.297076104659435e-05
1.223524561008869e-05
1.164918044071601e-05
1.158592917382255e-05
1.130925852998909e-05
8.086682740754145e-06
7.666831444478632e-06
8.0766434938188e-06
8.746592529522412e-06
9.099802581033313e-06
9.370616820971846e-06
1.0026635044896e-05
1.131957695208128e-05
1.210065307037492e-05
1.234213359069777e-05
1.23610878945947e-05
1.212785100292544e-05
1.155250241611359e-05
1.10556871896434e-05
1.114851904961011e-05
1.129375389353592e-05
1.136854664363774e-05
1.18553791426389e-05
1.305348687085364e-05
1.384898995870408e-05
1.397029494874471e-05
1.377838029243982e-05
1.352284510593577e-05
1.313311734945356e-05
1.258102634795533e-05
1.199742012025428e-05
1.156984241139778e-05
1.124129650478968e-05
1.105610894791251e-05
1.139320664865215e-05
1.210478125858906e-05
1.251146392978511e-05
1.25387591323592e-05
1.218324783536264e-05
1.155098382044573e-05
1.054685592720483e-05
9.61726919442796e-06
9.508566848736621e-06
1.047615825949917e-05
1.140870606354945e-05
1.223210452515935e-05
1.255738082799337e-05
1.232331919629969e-05
1.202356877309883e-05
1.16883050773002e-05
1.146312127340863e-05
1.121167789864307e-05
1.098634133355618e-05
1.096307096936001e-05
1.119629846547176e-05
1.154437095057755e-05
1.192425030742306e-05
1.225462238030463e-05
1.23677511102624e-05
1.210567659562013e-05
1.167736086754923e-05
1.11118140649248e-05
1.037992597153963e-05
9.522567309318427e-06
8.750389997068017e-06
8.724338581035216e-06
9.027653028671491e-06
9.364853408277349e-06
9.667775872493986e-06
9.794036136076607e-06
9.575901282719185e-06
9.110044005025095e-06
8.703439354627196e-06
8.63401351584745e-06
8.479968705470739e-06
5.812522044470343e-06
5.55105658982691e-06
5.798338531529176e-06
6.219916480679703e-06
6.47207828978071e-06
6.670955424783921e-06
7.077019181101343e-06
7.84199674458309e-06
8.354089421830504e-06
8.56744596146594e-06
8.640915258207828e-06
8.563445209556173e-06
8.272762343699798e-06
7.986129084474402e-06
8.020432787686056e-06
8.094134017600354e-06
8.10646559500062e-06
8.342082818082396e-06
8.971753356905392e-06
9.420854487211912e-06
9.527355016243759e-06
9.441416935371327e-06
9.312566160348309e-06
9.104528832464547e-06
8.794036646850536e-06
8.449471377301602e-06
8.176475178624563e-06
7.961287264172621e-06
7.81607777353929e-06
7.962135954454991e-06
8.327504863384305e-06
8.555538462098693e-06
8.590289705879277e-06
8.416728085757539e-06
8.084100197418778e-06
7.523729422814471e-06
6.960551514680619e-06
6.830007501080956e-06
7.355652799303417e-06
7.861256714844211e-06
8.32020344189437e-06
8.549403682943866e-06
8.471326010518319e-06
8.334034845344824e-06
8.157813766759639e-06
8.037234869883346e-06
7.89958420367777e-06
7.770012384298363e-06
7.749973566930475e-06
7.876429348093505e-06
8.074278879805846e-06
8.296928281020016e-06
8.502314355264569e-06
8.604718812029121e-06
8.498424243862299e-06
8.265070606061599e-06
7.942507433592378e-06
7.506795102641267e-06
6.97445459849758e-06
6.462538583627302e-06
6.386422138227925e-06
6.528834627089619e-06
6.693924501959851e-06
6.838334646559085e-06
6.890726660606146e-06
6.750461828179806e-06
6.462387860647971e-06
6.193139940375206e-06
6.128984650466049e-06
6.040781253271871e-06
3.8293222994071e-06
3.678461096965882e-06
3.820371023691731e-06
4.068353822771324e-06
4.231139483304879e-06
4.364327473190499e-06
4.603184211234928e-06
5.029304240147362e-06
5.339405748107327e-06
5.495746373065317e-06
5.569842373213965e-06
5.55551047956613e-06
5.422549437887966e-06
5.274206763030636e-06
5.280032663695022e-06
5.307824906587341e-06
5.295944163077171e-06
5.399397891694324e-06
5.704706100882499e-06
5.942519982018567e-06
6.023221521575255e-06
5.992581597603313e-06
5.930822006648236e-06
5.822587954159363e-06
5.655548566216932e-06
5.463274779638422e-06
5.300139317779333e-06
5.167901526437379e-06
5.068925513027537e-06
5.120893406496721e-06
5.293950952954655e-06
5.413008052980284e-06
5.444010315955613e-06
5.365057194775489e-06
5.199911076663313e-06
4.907925024559781e-06
4.595667674953631e-06
4.496362460366647e-06
4.753327435347815e-06
5.007686170876577e-06
5.253276862722585e-06
5.4021030447917e-06
5.393201136962009e-06
5.339972899382357e-06
5.255637242430174e-06
5.195303425036296e-06
5.125104290287978e-06
5.057192674485855e-06
5.046020468363381e-06
5.112333474671185e-06
5.220594597639677e-06
5.346740703278308e-06
5.468123584742973e-06
5.544177715191083e-06
5.508923382404858e-06
5.390730924072541e-06
5.216667035778073e-06
4.972957359488218e-06
4.666682565504327e-06
4.358432157449054e-06
4.284713827977772e-06
4.33797873618643e-06
4.407678905909193e-06
4.467253433322335e-06
4.481760630031763e-06
4.39407212269821e-06
4.223876331000314e-06
4.055733576440478e-06
4.005050108143009e-06
3.955300436338531e-06
2.120620116085013e-06
2.045228720667684e-06
2.117858167352351e-06
2.245869258162932e-06
2.33431664268485e-06
2.407761603432673e-06
2.528563016058809e-06
2.735716966688918e-06
2.896228794939927e-06
2.987478827888312e-06
3.03706174842784e-06
3.040866589472672e-06
2.987565799004403e-06
2.920689511914849e-06
2.917419567645513e-06
2.92382590732672e-06
2.908872837543553e-06
2.945833984797865e-06
3.075606798320976e-06
3.186583726458109e-06
3.23561340672762e-06
3.229127201104236e-06
3.203084907175573e-06
3.152549720448046e-06
3.072850139017984e-06
2.978621816546303e-06
2.894402505761812e-06
2.824598538466525e-06
2.768662893722636e-06
2.780997928230472e-06
2.85265059913037e-06
2.907691361046178e-06
2.928684408378024e-06
2.898027753331302e-06
2.825803138379335e-06
2.692179096141797e-06
2.542649282637201e-06
2.48416690433198e-06
2.591899397314843e-06
2.703904710228898e-06
2.820954818443479e-06
2.903268000156728e-06
2.91457774325158e-06
2.899343138288299e-06
2.864627316646954e-06
2.838436118569072e-06
2.807277962810119e-06
2.776511126755532e-06
2.771776781095593e-06
2.802993926479289e-06
2.855649420758646e-06
2.919151034658854e-06
2.982278029044113e-06
3.028193716477375e-06
3.021359350384709e-06
2.969148780582572e-06
2.886840211092032e-06
2.768187995963358e-06
2.616333520612985e-06
2.458627182093529e-06
2.409625387641823e-06
2.422706841172268e-06
2.44624031962015e-06
2.466558329022293e-06
2.467854986280244e-06
2.420982682688398e-06
2.332813012625463e-06
2.240496432234434e-06
2.20703085169476e-06
2.181877697514287e-06
6.660542632535279e-07
6.434934289459729e-07
6.647031371230369e-07
7.028158116176595e-07
7.302369256603238e-07
7.534266365610419e-07
7.89725581789885e-07
8.503984553374983e-07
8.99148655367136e-07
9.28671975603222e-07
9.457298231338742e-07
9.488081961147437e-07
9.352135365424217e-07
9.165584799282597e-07
9.143065460965715e-07
9.145498854685421e-07
9.081235892918866e-07
9.161401978203051e-07
9.50688791917885e-07
9.823628794297545e-07
9.985766969869363e-07
9.984347223134645e-07
9.916060058913491e-07
9.77169063295104e-07
9.541433855194714e-07
9.264808377891301e-07
9.010204058964057e-07
8.796629843611195e-07
8.619022890393114e-07
8.63077143004634e-07
8.817869404943832e-07
8.974739189526634e-07
9.048538969795253e-07
8.974220196688885e-07
8.778231921844883e-07
8.403237096355767e-07
7.972509602033266e-07
7.783315687641209e-07
8.064507541368522e-07
8.37020834872979e-07
8.709780332276101e-07
8.96940225898988e-07
9.032449971766547e-07
9.008876576945602e-07
8.919416402187256e-07
8.849110596777577e-07
8.764000262647962e-07
8.678757357351464e-07
8.666604068424039e-07
8.756377605699801e-07
8.910712182807653e-07
9.101140179819056e-07
9.294123516293512e-07
9.44625401196406e-07
9.448964136499749e-07
9.309258394475451e-07
9.074721003778336e-07
8.729161687445724e-07
8.282059926282439e-07
7.809094761402552e-07
7.639615611818373e-07
7.649231626000692e-07
7.694406297098117e-07
7.733801712434599e-07
7.722422878191204e-07
7.573795785338939e-07
7.305462498892044e-07
7.021576998722855e-07
6.91414096151969e-07
6.84006021123144e-07
)
;

boundaryField
{
    inlet
    {
        type            cyclic;
    }
    outlet
    {
        type            cyclic;
    }
    topWall
    {
        type            fixedValue;
        value           uniform 1e-16;
    }
    bottomWall
    {
        type            fixedValue;
        value           uniform 1e-16;
    }
    front
    {
        type            symmetry;
    }
    back
    {
        type            symmetry;
    }
}


// ************************************************************************* //
