/*--------------------------------*- C++ -*----------------------------------*\
| =========                 |                                                 |
| \\      /  F ield         | OpenFOAM: The Open Source CFD Toolbox           |
|  \\    /   O peration     | Version:  v1812                                 |
|   \\  /    A nd           | Web:      www.OpenFOAM.com                      |
|    \\/     M anipulation  |                                                 |
\*---------------------------------------------------------------------------*/
FoamFile
{
    version     2.0;
    format      ascii;
    class       volScalarField;
    location    "0.00000026";
    object      p;
}
// * * * * * * * * * * * * * * * * * * * * * * * * * * * * * * * * * * * * * //

dimensions      [0 2 -2 0 0 0 0];


internalField   nonuniform List<scalar> 
3500
(
-9.349648981708193e-05
-9.360529521684185e-05
-7.098644038646251e-05
-5.039743668872478e-05
-4.915642862798529e-05
-3.849128443928088e-05
-3.337639365689589e-05
-3.144341142780806e-05
-2.954668741358528e-05
-2.881299060026586e-05
-2.804428981494824e-05
-2.600240277617933e-05
-2.405571187043513e-05
-2.15367458465043e-05
-1.888165798932161e-05
-1.762064147196371e-05
-1.93371117554878e-05
-1.674635711239305e-05
-1.159056497801161e-05
-4.824043487313673e-06
2.972849439834898e-06
1.069871722380713e-05
1.856503041491794e-05
2.650208123440231e-05
3.399647705087099e-05
4.149250833296189e-05
4.870550414955442e-05
5.489551851543351e-05
6.10407028573829e-05
6.713746652303353e-05
7.239453605166226e-05
7.731436607472225e-05
8.180740953929523e-05
8.600968038095727e-05
8.926934843151169e-05
9.242028412492147e-05
9.663849797625269e-05
0.0001003892336003282
0.0001026849528763216
0.0001051633441125769
0.000109193943215037
0.0001128618265324269
0.000115021404052333
0.0001177803653120598
0.0001206056657366171
0.0001228037015395601
0.0001240846048537607
0.0001257744919220422
0.0001292011740324272
0.0001327055420895338
0.0001338560816345834
0.0001357375979950774
0.0001395321438903027
0.0001422963855985761
0.0001452289561801431
0.0001482501983741866
0.0001507645855647334
0.0001527036918012678
0.0001548627790355847
0.0001559677136293212
0.0001547448675890865
0.0001503170251891889
0.0001422552517542748
0.0001294872413702805
0.0001099146204030605
6.980679151742838e-05
-5.581715201497494e-06
-0.0001224374880540955
-0.0001955108609819071
-0.0001414898193092085
-9.349633113121551e-05
-9.36120488286813e-05
-7.109954635436185e-05
-5.048130081676177e-05
-4.921309154614621e-05
-3.857559434444146e-05
-3.341272086290474e-05
-3.145770522850306e-05
-2.955164240829894e-05
-2.881082238207961e-05
-2.805040815408493e-05
-2.601545715938312e-05
-2.406847787262921e-05
-2.154905665108107e-05
-1.888825967352476e-05
-1.761726947193109e-05
-1.932862235244398e-05
-1.67361044458342e-05
-1.158118692710249e-05
-4.815783028047293e-06
2.979062384167459e-06
1.070433989322654e-05
1.857051200166766e-05
2.650641125138297e-05
3.399988270416618e-05
4.149503860310231e-05
4.870671015323838e-05
5.489660548958676e-05
6.104133066294649e-05
6.713727702930555e-05
7.239402735428115e-05
7.731369958877376e-05
8.180645282028999e-05
8.600883392037893e-05
8.926923430458222e-05
9.24196445285864e-05
9.663600991140761e-05
0.0001003873666006134
0.0001026848812255374
0.0001051622757299468
0.0001091906443016007
0.000112858705980725
0.0001150189047687982
0.0001177775606391616
0.0001206029107689464
0.0001228028424110515
0.0001240860726602464
0.0001257734944853377
0.0001291960925978502
0.0001327020081782748
0.0001338564241133265
0.0001357366363565325
0.0001395282018286201
0.0001422930306963857
0.0001452298805365752
0.0001482565388102479
0.0001507730352801737
0.0001527127989186124
0.0001548675222767483
0.0001559509378077451
0.0001546942955210784
0.0001502268322079255
0.0001421185505502378
0.0001292817141495369
0.0001095507973468798
6.916242797847354e-05
-6.488251895368336e-06
-0.0001230267971655493
-0.0001954493703704342
-0.000141453469475973
-9.348833503574239e-05
-9.361442305007312e-05
-7.122533115793878e-05
-5.05758209710127e-05
-4.927857338404056e-05
-3.867398631232e-05
-3.345582130764883e-05
-3.147459829833299e-05
-2.955708917418653e-05
-2.88081347926521e-05
-2.805788848762988e-05
-2.603183828819774e-05
-2.40843978118022e-05
-2.156695021975184e-05
-1.889978051814614e-05
-1.761493049568721e-05
-1.931933326635527e-05
-1.672499956403638e-05
-1.157089409951488e-05
-4.806595404805015e-06
2.986082860103497e-06
1.071067530641151e-05
1.857669698577191e-05
2.651136970753839e-05
3.400352437190613e-05
4.149760674060737e-05
4.87080154587118e-05
5.48976080928343e-05
6.104178665141587e-05
6.713691429465044e-05
7.239330097848592e-05
7.731278699052511e-05
8.180528032067834e-05
8.600803193562351e-05
8.926912571815831e-05
9.241860900478566e-05
9.663290817841177e-05
0.0001003855044254967
0.0001026848218494114
0.000105160765367556
0.0001091864783908254
0.0001128551593098593
0.0001150157790988417
0.0001177742438798014
0.0001205997352949754
0.0001228019262846412
0.0001240879752701793
0.0001257719959279588
0.0001291899263295527
0.0001326981673404269
0.00013385699163768
0.00013573537073893
0.0001395236567252455
0.0001422889376404435
0.0001452307096648889
0.0001482638109010715
0.0001507829151853384
0.0001527231075263646
0.0001548726718953827
0.0001559301937318105
0.0001546337565039676
0.0001501204510232137
0.0001419572660845918
0.0001290396038621274
0.0001091232408134567
6.841974725053665e-05
-7.491919205910667e-06
-0.0001235736196729405
-0.0001952398544448427
-0.0001414113569287323
-9.346596236898187e-05
-9.360713346231447e-05
-7.135926699162319e-05
-5.068254600262288e-05
-4.935308256714934e-05
-3.878852534334647e-05
-3.350609048013228e-05
-3.14944476905388e-05
-2.956270400870397e-05
-2.880510646730775e-05
-2.806763718046271e-05
-2.605394865001594e-05
-2.410714678700183e-05
-2.159784474998448e-05
-1.892355222918119e-05
-1.761622369349597e-05
-1.931313838473417e-05
-1.671616424027226e-05
-1.156239824599978e-05
-4.797121328145061e-06
2.995315386802803e-06
1.07181170660658e-05
1.858371160695258e-05
2.651732799219124e-05
3.40073028968472e-05
4.150052445141373e-05
4.871064851065898e-05
5.489881434633113e-05
6.104259647379336e-05
6.71368977530033e-05
7.23928925335857e-05
7.731202125930303e-05
8.180433189302617e-05
8.600782523175876e-05
8.926900389382472e-05
9.241703144264145e-05
9.662925770668889e-05
0.0001003831992867082
0.0001026851517616477
0.0001051588186711613
0.0001091816543129304
0.0001128515711645978
0.0001150120672980308
0.0001177706994341431
0.0001205964986079371
0.0001228018619269227
0.0001240908571829328
0.0001257693167575033
0.0001291828796754708
0.0001326940645255551
0.000133858685280657
0.0001357331560988253
0.0001395183044961605
0.0001422837645911877
0.0001452313834193557
0.0001482717890401289
0.0001507947481214177
0.0001527352968839327
0.0001548778703663677
0.0001559054626358963
0.0001545609121797555
0.0001499975404155495
0.0001417649312741199
0.0001287550763709536
0.0001086222082024194
6.758166907989857e-05
-8.535963622552329e-06
-0.0001239066624112205
-0.0001946772601269909
-0.0001413538508526898
-9.34232420339839e-05
-9.356352233974212e-05
-7.146707069235086e-05
-5.080775142550165e-05
-4.944012429427602e-05
-3.892670057719031e-05
-3.356670628627476e-05
-3.151926073912133e-05
-2.956838066564739e-05
-2.880100217502703e-05
-2.807948867294775e-05
-2.608468407351257e-05
-2.41471419526604e-05
-2.165346637856584e-05
-1.896832175278405e-05
-1.762743248210906e-05
-1.931662382589063e-05
-1.671099811727271e-05
-1.155883142657428e-05
-4.788111497685901e-06
3.008208735315596e-06
1.072643281025626e-05
1.859141790040974e-05
2.652342999605189e-05
3.401109817229378e-05
4.1504987466245e-05
4.8716078049454e-05
5.49003814976337e-05
6.104445399032402e-05
6.713783942875505e-05
7.239333186475328e-05
7.731181072794049e-05
8.180382210162304e-05
8.600798667855852e-05
8.926825260623633e-05
9.241396784726956e-05
9.662459250776064e-05
0.0001003773197598554
0.0001026871961527839
0.0001051547477728177
0.0001091770929424966
0.000112847921549548
0.0001150073516711954
0.0001177652152240681
0.0001205937533131145
0.0001228076113235154
0.0001240976808819737
0.000125764505017077
0.0001291742456024632
0.0001326898134071715
0.0001338647406725112
0.0001357295380034079
0.0001395117565667253
0.0001422766845476304
0.0001452316855703251
0.0001482782343886368
0.0001508087784099425
0.0001527501541926844
0.0001548785082819923
0.0001558752759996461
0.0001544684803175641
0.0001498519746520513
0.0001415237321166749
0.000128404764793137
0.0001080133745863072
6.661022377201757e-05
-9.600586655623846e-06
-0.0001238731826142251
-0.000193416851663581
-0.0001412121577022437
-9.334399332904165e-05
-9.338462224335805e-05
-7.145626560150073e-05
-5.095547029560162e-05
-4.954181631967014e-05
-3.909420553819416e-05
-3.364075551258501e-05
-3.155124758863766e-05
-2.95777737145939e-05
-2.87958582195018e-05
-2.808995132369077e-05
-2.61266814152351e-05
-2.422006115241377e-05
-2.174881661035383e-05
-1.904245677745222e-05
-1.767278560223984e-05
-1.934422570868654e-05
-1.670576197518306e-05
-1.155966339028635e-05
-4.782046167554243e-06
3.019122046485074e-06
1.073353278798778e-05
1.859977457344558e-05
2.652559804569257e-05
3.401707027416931e-05
4.151105830675174e-05
4.872152029630242e-05
5.490281154363074e-05
6.104702620622598e-05
6.714082697393579e-05
7.239491662581137e-05
7.731262941644483e-05
8.180399232974526e-05
8.600620101716219e-05
8.926549724188015e-05
9.240634905629557e-05
9.662005298875297e-05
0.0001003650849387886
0.0001026924182733009
0.0001051402912148219
0.0001091752622926984
0.0001128447740959638
0.0001150019539533305
0.0001177508377475385
0.00012059240259439
0.0001228295454532603
0.0001241094070864779
0.0001257561754089349
0.0001291608833457403
0.0001326893212948258
0.0001338761638899784
0.0001357234702617072
0.0001395036140224445
0.0001422669820071389
0.0001452327691084944
0.0001482789237375406
0.0001508229936401265
0.0001527664409717285
0.0001548667233345634
0.0001558392007242034
0.0001543537383508264
0.0001496722803440628
0.0001412249776196375
0.0001279651158560945
0.0001072784718702712
6.549003753485624e-05
-1.063550687687768e-05
-0.0001233033852813124
-0.0001910247491416227
-0.0001408609212404505
-9.314147552866941e-05
-9.286258686468895e-05
-7.123934797548432e-05
-5.113328387108255e-05
-4.966208282294122e-05
-3.929836047533828e-05
-3.373422306521777e-05
-3.159038182173591e-05
-2.959950875710978e-05
-2.879301924342879e-05
-2.809994984382984e-05
-2.619032914014298e-05
-2.433469994602713e-05
-2.190429648965513e-05
-1.917497653008377e-05
-1.780830233444305e-05
-1.941105361118413e-05
-1.670807359121145e-05
-1.155272466679127e-05
-4.785620381339668e-06
3.015686867995652e-06
1.074350851248971e-05
1.86095806675342e-05
2.651774510017979e-05
3.402409623011287e-05
4.15070318576912e-05
4.871550563973685e-05
5.490758404382882e-05
6.104219263618908e-05
6.714397688396256e-05
7.239425226616075e-05
7.731189965967942e-05
8.180496239682314e-05
8.600193731619602e-05
8.926093121264261e-05
9.238691022305678e-05
9.661856219916202e-05
0.000100356346860708
0.0001026999722735144
0.000105103532268501
0.0001091700539739596
0.0001128441564218585
0.000114999758751993
0.0001177217413773819
0.0001205930165882034
0.0001228716515000122
0.0001241147529512361
0.0001257446382858271
0.0001291353396821343
0.0001327024084625853
0.0001338788490577871
0.0001357119573949718
0.0001394930194580143
0.0001422567392096316
0.0001452397275563366
0.0001482763995334643
0.0001508339879540709
0.0001527792953701176
0.0001548436011475564
0.0001557928947645224
0.0001542075885010559
0.0001494266082130915
0.0001408678661817387
0.0001274160095683882
0.0001063964980782694
6.420888750844593e-05
-1.163054064588304e-05
-0.0001220246410311191
-0.000187184843586395
-0.0001401782469007879
-9.266658415834277e-05
-9.183926105492679e-05
-7.092310851260579e-05
-5.138261939217087e-05
-4.981361048444141e-05
-3.955512597265427e-05
-3.385572065917451e-05
-3.163148434103621e-05
-2.963640651537601e-05
-2.879564759301281e-05
-2.813009597133345e-05
-2.630132073231128e-05
-2.44937361128584e-05
-2.213151342960641e-05
-1.942570262357e-05
-1.812555190851908e-05
-1.952394044932974e-05
-1.674429940654837e-05
-1.154744696139392e-05
-4.796099113316968e-06
2.992189292696678e-06
1.075739348111813e-05
1.860344146921063e-05
2.649443547659618e-05
3.40176157762218e-05
4.147398385931754e-05
4.86801940040844e-05
5.491268341206544e-05
6.100845794386392e-05
6.713186119746988e-05
7.238080614397458e-05
7.729833509756752e-05
8.180360034834203e-05
8.600751372613057e-05
8.925779338803909e-05
9.235196445535863e-05
9.6612772035203e-05
0.000100386966389757
0.0001026987323597546
0.0001050659954743627
0.0001091207265441689
0.0001128463200372874
0.0001150071118874681
0.0001176946751009789
0.0001205995390157969
0.0001229088911685233
0.0001240911252214199
0.0001257363612365283
0.0001290959427419807
0.0001327335448109375
0.0001338481425528716
0.0001356851010654015
0.0001394790822699671
0.0001422574398368352
0.0001452608656669794
0.0001482957125710236
0.0001508426384597676
0.0001527861972596458
0.0001548329512729256
0.0001557156676305123
0.0001539844079080248
0.0001490576267330991
0.0001404357114229199
0.0001267388023123338
0.0001052995457098668
6.269058490011036e-05
-1.268505636761293e-05
-0.0001199489651069811
-0.0001818743028069703
-0.000139015035660865
-9.19367519214701e-05
-9.054346302846511e-05
-7.077722034086635e-05
-5.179140779015929e-05
-5.002095334866696e-05
-3.989076595494727e-05
-3.400553662481392e-05
-3.166737855363331e-05
-2.9681251466612e-05
-2.879350545998909e-05
-2.819321314259893e-05
-2.649821654003595e-05
-2.471369383544868e-05
-2.244921762792437e-05
-1.98508175324355e-05
-1.866207663135247e-05
-1.971295799696988e-05
-1.682608685543472e-05
-1.15891828008529e-05
-4.818054435575552e-06
2.933881791967029e-06
1.075794589344254e-05
1.855303029940692e-05
2.644339854607085e-05
3.397828690721681e-05
4.141210650292049e-05
4.858664501046274e-05
5.489135226422953e-05
6.093193063161604e-05
6.707060984595614e-05
7.233371373021848e-05
7.725078145365982e-05
8.178782814580647e-05
8.603645106424077e-05
8.924810191935682e-05
9.232620771606264e-05
9.658493982915095e-05
0.0001004657004672522
0.0001026665089958534
0.0001050810265782735
0.0001089824167751275
0.0001128269568851261
0.000115015583524047
0.000117708421643588
0.0001206187906150505
0.00012289929204033
0.0001240434630085513
0.0001257407492371064
0.0001290840173607384
0.0001327542041349272
0.0001338074138043962
0.0001356295741760295
0.0001394664920493183
0.0001422802515143696
0.0001452965398256825
0.0001483649680562177
0.0001508540928798676
0.0001527952892000437
0.000154849732915659
0.0001555621791113375
0.0001536152686096576
0.0001484980088353963
0.0001398852562683192
0.0001258789361235956
0.0001038672055791357
6.076579340788968e-05
-1.39645040723671e-05
-0.0001171576432606264
-0.0001754350979135848
-0.0001369514184508193
-9.117810444271133e-05
-8.919733751258286e-05
-7.071375605244192e-05
-5.245444542812988e-05
-5.030025038640099e-05
-4.031630099534057e-05
-3.41716946956482e-05
-3.169417522981082e-05
-2.97220349916116e-05
-2.877499182684215e-05
-2.827929582900499e-05
-2.680389529593788e-05
-2.504321803622288e-05
-2.290127116028932e-05
-2.047792615649745e-05
-1.937093890079499e-05
-2.000325192717184e-05
-1.694046944535149e-05
-1.169972521662919e-05
-4.871860864908853e-06
2.811179373826488e-06
1.071421682910454e-05
1.847000715254428e-05
2.634608037663954e-05
3.388876362073655e-05
4.134202841948119e-05
4.842671083852635e-05
5.480706378560721e-05
6.084111708857071e-05
6.693468809517164e-05
7.222954217733799e-05
7.715897530650927e-05
8.173692292078307e-05
8.603279911817505e-05
8.92017110365189e-05
9.232441108924871e-05
9.654843183347993e-05
0.0001004748354555831
0.0001026061750500676
0.0001051120798092483
0.0001088625924466308
0.0001127305266679749
0.0001150092676797187
0.0001177672109921121
0.0001206271966771806
0.0001228006749389388
0.0001240003023003834
0.0001257637888288814
0.0001291793927900751
0.0001327044334582658
0.0001337923234775703
0.0001355744763780521
0.0001394716587855821
0.0001423060767608482
0.0001453415407035261
0.000148442018822105
0.0001508609193048701
0.0001528029301662977
0.0001548440648996343
0.0001552765877161589
0.0001530726744524133
0.0001477339551946621
0.0001391289383348311
0.0001247141411181846
0.000101966541321995
5.827789896732906e-05
-1.553035351808621e-05
-0.0001137776226259433
-0.0001681966055323652
-0.000133659096546321
-9.032891726203989e-05
-8.737464846221288e-05
-7.014227025807241e-05
-5.338121860007652e-05
-5.059403132597439e-05
-4.076900607210284e-05
-3.435147936926845e-05
-3.170891058051698e-05
-2.974112644662758e-05
-2.875992779726868e-05
-2.837839905962487e-05
-2.716836232517924e-05
-2.551271348214349e-05
-2.353031895340541e-05
-2.13014779365205e-05
-2.02057193044991e-05
-2.034956150808204e-05
-1.707790511713123e-05
-1.183715643966936e-05
-4.97623248859793e-06
2.635696067376911e-06
1.058955204046198e-05
1.838701873048325e-05
2.620740930309592e-05
3.375033318701192e-05
4.126327904438568e-05
4.823305882700057e-05
5.465045176339219e-05
6.075728762877384e-05
6.677007368576735e-05
7.207879237290923e-05
7.703917379155575e-05
8.165272096385689e-05
8.588724473655994e-05
8.908815335589149e-05
9.231326130511377e-05
9.658861988172436e-05
0.000100282620248457
0.0001025059638766921
0.0001051448777482595
0.0001089973822336354
0.0001125668457931515
0.0001149786985786582
0.0001178202840064079
0.0001205450035770482
0.0001226276772154623
0.000123981330970486
0.0001258340330172417
0.0001293111010342172
0.0001325474081557162
0.0001338097374842325
0.0001356377069785577
0.000139512545104405
0.0001422998544112827
0.000145388599842556
0.0001484354056034759
0.0001508335490971957
0.0001527748670976338
0.0001547244182046825
0.0001548353366541775
0.0001523919435162058
0.0001467923948608309
0.0001380183490898391
0.0001231041404210799
9.952981471400324e-05
5.523485231880982e-05
-1.725927404635446e-05
-0.0001097959814175886
-0.0001600249159500068
-0.000129425633262642
-8.903314836163006e-05
-8.466568700717262e-05
-6.869922357927052e-05
-5.443573129525457e-05
-5.06776111033781e-05
-4.110171137907501e-05
-3.456045308456325e-05
-3.173062206500839e-05
-2.971775424081423e-05
-2.873442835006366e-05
-2.847405776576427e-05
-2.75151948797803e-05
-2.610184519385793e-05
-2.433727901891319e-05
-2.228744639569434e-05
-2.11361765799037e-05
-2.074233347437909e-05
-1.725675544808357e-05
-1.196513951692276e-05
-5.135523234464744e-06
2.44125879401211e-06
1.03878430412674e-05
1.828708040491851e-05
2.604181639231726e-05
3.35855118787009e-05
4.114562729998466e-05
4.799595751426295e-05
5.443338459625811e-05
6.067536533926617e-05
6.661181547689353e-05
7.190767312069498e-05
7.690942271796707e-05
8.154315375636084e-05
8.561217416641799e-05
8.890249144829587e-05
9.226414780599598e-05
9.660973483870812e-05
0.0001000356413720663
0.0001023433286787921
0.0001051657672925825
0.0001091184216958473
0.0001123873655613187
0.0001149176473305234
0.0001178178365818698
0.0001203401088537567
0.0001224417913531794
0.0001239902220330413
0.0001259818173960532
0.0001293242506182238
0.0001322590063269424
0.0001338516890267714
0.0001359711486858437
0.0001395740787702933
0.0001422681117245773
0.0001453968964285117
0.0001483227255379374
0.0001507381223249809
0.0001526579053451074
0.0001543916310849912
0.0001542452056257491
0.0001515721117616968
0.0001456513780286113
0.0001364240915892711
0.0001210016732409312
9.655876093107572e-05
5.1728729897901e-05
-1.898730023299453e-05
-0.0001050884287695783
-0.0001507310865401926
-0.0001245955752540212
-8.709113561180486e-05
-8.138261827549418e-05
-6.641873628663634e-05
-5.512446512683212e-05
-5.010152777436124e-05
-4.115746678757034e-05
-3.480200322335483e-05
-3.179136667926886e-05
-2.962674516114225e-05
-2.862921486555896e-05
-2.853300431984989e-05
-2.785475108403584e-05
-2.677395985842313e-05
-2.528355245392101e-05
-2.341563397387185e-05
-2.2166728924055e-05
-2.120573114322135e-05
-1.751787616199264e-05
-1.211739085499535e-05
-5.343654821753226e-06
2.227812254412426e-06
1.014360693836651e-05
1.813934213909641e-05
2.584708847872435e-05
3.3398652697293e-05
4.095807029398867e-05
4.771037132630076e-05
5.415627487590854e-05
6.056304683575925e-05
6.644348657383512e-05
7.172168705447256e-05
7.676437465721392e-05
8.13890414636259e-05
8.531223112476487e-05
8.863990382030522e-05
9.219384488584107e-05
9.650669307836359e-05
9.980039794755304e-05
0.0001021273706608712
0.0001051823895253313
0.0001091015990492426
0.0001121999113840708
0.0001148252612157322
0.0001177308622656567
0.0001201333116503536
0.0001222656587485192
0.0001239819797489192
0.0001261167642853761
0.0001292366846286451
0.0001320194973182468
0.0001339022528468951
0.0001362807940295156
0.0001396149909794602
0.0001422181455344067
0.0001453361261803566
0.0001481612782331197
0.0001505375064807404
0.0001523946464680319
0.0001538684143422601
0.0001535095909161943
0.0001505550964703796
0.0001442399309742378
0.0001343856937275078
0.000118419179539592
9.303408925745838e-05
4.780324684315383e-05
-2.058785626436992e-05
-9.953766605685964e-05
-0.0001403023652878117
-0.0001191002899211823
-8.453559222843487e-05
-7.794902994613822e-05
-6.335970967493041e-05
-5.38080191176374e-05
-4.843563644597321e-05
-4.080187817193355e-05
-3.501643724180491e-05
-3.186561688305525e-05
-2.945085857384631e-05
-2.842165456480359e-05
-2.852545427462967e-05
-2.819122992072896e-05
-2.748867797484742e-05
-2.632278682344878e-05
-2.468097381101297e-05
-2.331354348100469e-05
-2.175488328431283e-05
-1.789001937591543e-05
-1.234463169109296e-05
-5.598361672266717e-06
1.973312726227417e-06
9.862955409489419e-06
1.792168910759806e-05
2.560841074805781e-05
3.316964126831306e-05
4.067595344460461e-05
4.736799783114855e-05
5.385474180092345e-05
6.039645184324247e-05
6.623910457764347e-05
7.151109236137517e-05
7.657776907384037e-05
8.116076642214691e-05
8.500182294616528e-05
8.835746905088953e-05
9.211882967297065e-05
9.630212540945551e-05
9.952844325324425e-05
0.0001019680471301021
0.0001052071530414981
0.0001090030542711409
0.0001119985711830573
0.0001146953432578536
0.0001175587743006912
0.0001199422641318765
0.0001220997371588031
0.000123952504012667
0.0001261716995375548
0.0001291287884162818
0.0001318696307076169
0.0001339471709661992
0.0001364302949837492
0.0001396158184394908
0.0001421433616561261
0.0001452277165480761
0.0001479687844320611
0.0001502422447217187
0.0001520069977180066
0.0001532285358007121
0.0001525793737985548
0.0001492483007225621
0.000142466095014502
0.0001319381303439097
0.0001152908937678591
8.887795394490845e-05
4.34657988452508e-05
-2.192824715668995e-05
-9.308789220304956e-05
-0.000128798393067668
-0.0001127680921613977
-8.136341356304607e-05
-7.433019704960381e-05
-6.006592617024378e-05
-4.931228569341112e-05
-4.617910358801553e-05
-3.993703550563243e-05
-3.503782882086178e-05
-3.188425255042711e-05
-2.921457786711096e-05
-2.811396097409962e-05
-2.842867683401191e-05
-2.849145677210372e-05
-2.820128492534787e-05
-2.740520733764263e-05
-2.603334702278632e-05
-2.454559091145118e-05
-2.239239221547075e-05
-1.838086151989735e-05
-1.267738931628846e-05
-5.913527153803452e-06
1.656257251036731e-06
9.528372429919155e-06
1.761456917000523e-05
2.530493941435988e-05
3.287025155497985e-05
4.028266749117831e-05
4.696140614409746e-05
5.353379711153353e-05
6.015487141358294e-05
6.59752454012246e-05
7.125819506433288e-05
7.631584613309308e-05
8.083591556054656e-05
8.465168256214836e-05
8.809360029592734e-05
9.199766254725662e-05
9.601967056937721e-05
9.921261397241077e-05
0.0001018627301947759
0.0001051910208781949
0.0001088381005674683
0.0001117769075536066
0.0001145152493538572
0.0001173183435675531
0.0001197262106693209
0.0001219418550367365
0.0001239180703468828
0.0001261677498957435
0.0001290078475673082
0.000131735645799163
0.0001339716580623668
0.0001364851202746428
0.0001395698036163918
0.0001420305871317096
0.0001450771018524907
0.0001477195111432433
0.0001498737557417767
0.0001515001089570427
0.0001524095158655494
0.0001513427638888788
0.0001475260784458689
0.0001402051623233078
0.0001289500967132014
0.0001114492321308959
8.397397182605212e-05
3.8737208162319e-05
-2.284196679458144e-05
-8.571235553063998e-05
-0.000116346425336184
-0.0001055244763823205
-7.74434117402601e-05
-7.043074265983688e-05
-5.764432257211699e-05
-4.487269076228821e-05
-4.356812209769982e-05
-3.86567382828184e-05
-3.460500945488705e-05
-3.171038988986463e-05
-2.892430881923974e-05
-2.771176794210144e-05
-2.8188485787218e-05
-2.868214418438302e-05
-2.884035917298712e-05
-2.845887568321846e-05
-2.739578606083108e-05
-2.580495361795134e-05
-2.309934896208325e-05
-1.897085443588922e-05
-1.311464408199385e-05
-6.30616906111638e-06
1.261417164251643e-06
9.123279573247374e-06
1.72032657143187e-05
2.491275603090021e-05
3.247214053410743e-05
3.977483897360953e-05
4.649055810155902e-05
5.316955827523619e-05
5.981225256554061e-05
6.562551335749281e-05
7.093366522901935e-05
7.594604082229534e-05
8.040128579273383e-05
8.424763432555527e-05
8.782453399517232e-05
9.178409810102007e-05
9.565621613752535e-05
9.886936722151329e-05
0.0001017473107540854
0.0001050919357164965
0.0001085953167702106
0.0001115199437365723
0.0001142727998895921
0.0001170194608845862
0.0001194706378098708
0.0001217649946684181
0.0001238493979340411
0.0001261149787529253
0.0001288547267738902
0.0001315854669978391
0.0001339321431612031
0.0001364567666123038
0.0001394568503714689
0.0001418525819255545
0.0001448494247115451
0.0001473711425517043
0.0001493709803845148
0.0001507849573012063
0.0001512696504593517
0.000149655636386069
0.0001452392181141853
0.0001372896251681511
0.0001252031305301208
0.0001066940375132589
7.821937519436717e-05
3.368503759243069e-05
-2.316942829545021e-05
-7.738646977069212e-05
-0.0001031655898152895
-9.735982019984039e-05
-7.26692416694684e-05
-6.614067486905359e-05
-5.58943101725072e-05
-4.281926170991306e-05
-4.045451636747089e-05
-3.718585476609737e-05
-3.336922220868278e-05
-3.103653159273861e-05
-2.848342484274275e-05
-2.721863630297478e-05
-2.775031410872327e-05
-2.868069595138652e-05
-2.932012837547528e-05
-2.938463040821879e-05
-2.866031774662668e-05
-2.700554425013577e-05
-2.381640139698288e-05
-1.959789840994017e-05
-1.360159393141572e-05
-6.747897653511616e-06
8.07759120170073e-07
8.656823620836689e-06
1.669794333458398e-05
2.4424591273232e-05
3.196605891272126e-05
3.917329303137531e-05
4.596179740770111e-05
5.272979917864923e-05
5.93414342242897e-05
6.515876598013693e-05
7.049511029837187e-05
7.544354536168064e-05
7.985445100187738e-05
8.378332398309329e-05
8.750329413756796e-05
9.145187161931926e-05
9.520983558530034e-05
9.849353427810381e-05
0.0001015647227156305
0.0001048834111294569
0.0001082647711896899
0.0001112024350603162
0.000113957952151017
0.0001166626665393797
0.0001191655428021369
0.0001215346619361241
0.0001237148593553144
0.0001260005306291402
0.0001286525207863247
0.000131382333196492
0.0001337959758113385
0.0001363168120929874
0.0001392344042193439
0.0001415532017485122
0.0001444816699407022
0.0001468535816783485
0.000148623081468209
0.0001497226650996967
0.000149649816099597
0.0001473592501018764
0.0001422257653683261
0.0001335257185765034
0.0001204767838131893
0.0001008688210151291
7.161129328593944e-05
2.850593543065168e-05
-2.273534399290215e-05
-6.814700657546078e-05
-8.955037628594431e-05
-8.829926296480682e-05
-6.699785470706189e-05
-6.130180249135484e-05
-5.388209446181777e-05
-4.21690982762118e-05
-3.755468559441879e-05
-3.49891478391292e-05
-3.10977086184361e-05
-2.943524618519399e-05
-2.769005270085235e-05
-2.661519228902381e-05
-2.706749462667326e-05
-2.838530815156371e-05
-2.95222209871756e-05
-3.003996449304742e-05
-2.967015021548358e-05
-2.801071484857663e-05
-2.443144817942406e-05
-2.014925994912283e-05
-1.402766058685082e-05
-7.136788007361269e-06
3.821994411562306e-07
8.198106552452584e-06
1.616790378619046e-05
2.389512741867082e-05
3.140477802728139e-05
3.854459977478524e-05
4.541235569934806e-05
5.221171242332002e-05
5.873766640140117e-05
6.455642512352407e-05
6.990854228864332e-05
7.48028766220557e-05
7.920780258065463e-05
8.32460987606197e-05
8.708722818754957e-05
9.099736048404982e-05
9.468789136662955e-05
9.80590661705838e-05
0.0001012692906788212
0.0001045528123497325
0.000107839253747373
0.0001107966875751698
0.0001135579606851835
0.0001162400231957027
0.0001187889276592211
0.0001212162938148645
0.0001234823370194164
0.0001257942767389427
0.0001283773969917393
0.0001310719409578362
0.0001335249538987081
0.0001360167915749354
0.0001388323382406306
0.000141044208229573
0.0001438815938320624
0.0001460529184021448
0.000147483676459021
0.0001481339068016044
0.0001473679773548391
0.0001442747521927724
0.0001383008516158701
0.000128704751825116
0.0001145840640036764
9.391659438532647e-05
6.431442618957684e-05
2.356922443246899e-05
-2.12989715992696e-05
-5.813895142589273e-05
-7.584409104609055e-05
-7.841962846572954e-05
-6.041755107612459e-05
-5.584230615488313e-05
-5.102913533317865e-05
-4.180236110485321e-05
-3.567327229157177e-05
-3.199631172269119e-05
-2.810832331157367e-05
-2.656089311743595e-05
-2.623364182186808e-05
-2.58075519242188e-05
-2.611662989289816e-05
-2.764554184133488e-05
-2.92505605770712e-05
-3.020896423406686e-05
-3.019230839643407e-05
-2.860512418143911e-05
-2.475567555974677e-05
-2.044460722107959e-05
-1.423860607153592e-05
-7.329859635657205e-06
1.198530875367617e-07
7.870215430519782e-06
1.574256842824464e-05
2.344845797582534e-05
3.091595611042751e-05
3.801444686106373e-05
4.493271851146624e-05
5.167855504781517e-05
5.805955932437616e-05
6.384887768638372e-05
6.918777061439547e-05
7.404989125388948e-05
7.848919524776582e-05
8.263817575846535e-05
8.65699677809443e-05
9.044130410802828e-05
9.410488463810881e-05
9.755029329754857e-05
0.0001008452089609549
0.0001041000072007483
0.000107313210025632
0.0001102829487496663
0.0001130569407215641
0.0001157338191365637
0.000118313919235535
0.0001207817592136574
0.000123118569331323
0.0001254549124279237
0.0001279759785515927
0.0001305968858368018
0.0001330499244758529
0.0001354748850086091
0.000138149086232327
0.0001402010351088106
0.0001429130156743862
0.0001448003554033174
0.0001457521054496391
0.0001457874038355065
0.000144199197941368
0.0001401845018687942
0.0001332416876703016
0.0001226171489433986
0.0001074092995517033
8.593323290989995e-05
5.668916299802744e-05
1.937409361601635e-05
-1.864517603817423e-05
-4.760385160684147e-05
-6.240617213713033e-05
-6.786447734153968e-05
-5.29506544261426e-05
-4.97613354411373e-05
-4.701060481467579e-05
-4.079742439419167e-05
-3.47430292689285e-05
-3.020068944259095e-05
-2.53680872768318e-05
-2.282913292576696e-05
-2.348442569312608e-05
-2.440408379847538e-05
-2.493177691783044e-05
-2.63982241393788e-05
-2.823817320226094e-05
-2.952419941943796e-05
-2.987219936610059e-05
-2.844701379996261e-05
-2.446907765086007e-05
-2.021960898099624e-05
-1.400378277322385e-05
-7.138898229836297e-06
1.947577458039825e-07
7.837661635230049e-06
1.558775597306419e-05
2.323830016828257e-05
3.065084838633917e-05
3.771645507946277e-05
4.460642619918618e-05
5.120588354548666e-05
5.739416656121208e-05
6.310327868133599e-05
6.839567136885291e-05
7.324713459839981e-05
7.774443477615574e-05
8.198358538776043e-05
8.597752990127974e-05
8.982275093859289e-05
9.34818280905017e-05
9.697060957616796e-05
0.0001003025872984973
0.0001035313030757445
0.0001066841672453755
0.0001096525351901202
0.000112440974464855
0.000115121790828209
0.000117715455154142
0.0001202033112224259
0.0001225810569556389
0.0001249216164376414
0.0001273732008598215
0.0001298804816599844
0.0001322673950090385
0.0001345712973656521
0.0001370479001908745
0.0001388592422188014
0.0001413756549968847
0.0001428658122857278
0.0001431717632481485
0.0001424052537116213
0.0001398606556971253
0.0001348117931226297
0.0001267923543440883
0.0001150930947764755
9.896647746374451e-05
7.720823235697208e-05
4.926603961513103e-05
1.640764681432605e-05
-1.462729001538145e-05
-3.689156398629959e-05
-4.955921643790897e-05
-5.684914749692017e-05
-4.467974791619813e-05
-4.302820677900469e-05
-4.18981975862463e-05
-3.835948060386111e-05
-3.365075003739647e-05
-2.943620109916786e-05
-2.462805776296459e-05
-2.117824798790657e-05
-1.96948842822571e-05
-2.086796811563521e-05
-2.269021581650518e-05
-2.456424089328261e-05
-2.651860816665075e-05
-2.781886358862818e-05
-2.818748873073745e-05
-2.691178205710664e-05
-2.299690214513327e-05
-1.903276432294282e-05
-1.292067689435033e-05
-6.234577967948827e-06
8.988677199603493e-07
8.356642377253662e-06
1.59310443401162e-05
2.344874204931136e-05
3.07436669710214e-05
3.771477424501767e-05
4.444703812351032e-05
5.08154108320324e-05
5.678594671877685e-05
6.237344662701073e-05
6.760056736067589e-05
7.245563730618677e-05
7.700527935576316e-05
8.129776907033722e-05
8.532713357841351e-05
8.916032190517064e-05
9.28153536284757e-05
9.630983206946284e-05
9.964290836382691e-05
0.0001028447325647382
0.0001059456843062493
0.0001088966618991349
0.0001116897730359853
0.000114367863122184
0.0001169515359242839
0.0001194288720721614
0.0001218010892804855
0.0001241097351689294
0.0001264604192903284
0.0001288012928517218
0.0001310409275045382
0.0001331475945301369
0.0001353469370580619
0.0001368098573997352
0.000139008632384785
0.0001399676459849274
0.0001394710429310633
0.0001377222966063157
0.0001340627914169397
0.0001278704164795653
0.000118750127882213
0.0001061181044653892
8.950535978643879e-05
6.826611161853768e-05
4.270796004346937e-05
1.501099306777286e-05
-9.341699286757334e-06
-2.638899874354943e-05
-3.752839079653596e-05
-4.56422665705109e-05
-3.577590379601947e-05
-3.563754903201816e-05
-3.591693972535906e-05
-3.432866750598153e-05
-3.127778992785526e-05
-2.818056112396444e-05
-2.444988969534002e-05
-2.12707273884989e-05
-1.937438089960125e-05
-1.837563299910139e-05
-1.791840090611607e-05
-1.973341129275644e-05
-2.247104624684018e-05
-2.443823734368168e-05
-2.50690581515016e-05
-2.362073336308938e-05
-1.993882186422475e-05
-1.648358235595783e-05
-1.057577550785911e-05
-4.180324054997753e-06
2.639057176381804e-06
9.79117440795221e-06
1.706351648572599e-05
2.427859798040989e-05
3.129692385369938e-05
3.801674893532387e-05
4.444732931729621e-05
5.052774999436941e-05
5.627445051088712e-05
6.171987708866427e-05
6.68700596133116e-05
7.171298937293295e-05
7.627745192056632e-05
8.057806590948657e-05
8.461170302312894e-05
8.842849481589244e-05
9.206132859671227e-05
9.552853519223071e-05
9.883515052441407e-05
0.000102001148231655
0.0001050499750173691
0.0001079645772004106
0.0001107359816642624
0.0001133841756290323
0.000115923400045503
0.0001183476371983613
0.0001206593726818255
0.0001228832360145369
0.00012507078769469
0.0001271839431006654
0.0001291824964807522
0.0001309920383658099
0.0001328072819207506
0.0001337901235236839
0.0001355145705330712
0.0001358000578582766
0.0001343738626783498
0.0001315208830736172
0.0001266497011848377
0.0001192853091905235
0.0001091957571675703
9.602288161301287e-05
7.963482981639995e-05
5.988896326902851e-05
3.767866892976944e-05
1.535442071406292e-05
-3.184276886151712e-06
-1.645302488600813e-05
-2.641580878954507e-05
-3.452907379487269e-05
-2.649007034592683e-05
-2.767970047428263e-05
-2.915682068764154e-05
-2.902239748024663e-05
-2.738165989855611e-05
-2.544367382358313e-05
-2.294483780355371e-05
-2.051070676931274e-05
-1.878952252971583e-05
-1.789436785462836e-05
-1.724579268629338e-05
-1.652132002254512e-05
-1.660923983033537e-05
-1.759124909733042e-05
-1.822565546551289e-05
-1.713466116710689e-05
-1.400055664973546e-05
-1.135951133480958e-05
-6.255170918903303e-06
-4.449621423450132e-07
5.744073510109464e-06
1.23042068060611e-05
1.901973016918059e-05
2.571367154137758e-05
3.226682158859245e-05
3.858325177539306e-05
4.463604055747542e-05
5.041919451475668e-05
5.594697664946025e-05
6.123614582252558e-05
6.627761094031233e-05
7.105292958003725e-05
7.55624758758983e-05
7.980818699985796e-05
8.379868265292208e-05
8.75688189495069e-05
9.114955782889086e-05
9.456170221328386e-05
9.781658598219605e-05
0.0001009294928522295
0.0001039150543967933
0.0001067656821787131
0.000109473840790138
0.0001120464303831502
0.0001144892784293431
0.0001167985039559456
0.0001189757831399034
0.0001210300588103742
0.0001229747900433274
0.0001247826035302214
0.0001264326479650226
0.0001278282195713406
0.0001291329020548133
0.0001295068235014416
0.0001305814955556172
0.0001300544921249128
0.0001276202715828009
0.0001236615656361901
0.0001176874486628766
0.000109383094348672
9.873224856000917e-05
8.565279016778709e-05
7.032447742322166e-05
5.29510889887205e-05
3.46489544437556e-05
1.731064576275182e-05
3.338449989173236e-06
-7.27972589898852e-06
-1.617955007394046e-05
-2.376429129179724e-05
-1.710778228785415e-05
-1.930509148820557e-05
-2.172241303487106e-05
-2.266702294198625e-05
-2.220453873309211e-05
-2.12731649594924e-05
-1.979442735650213e-05
-1.813787387587337e-05
-1.663585895163391e-05
-1.55741459734283e-05
-1.480433227673003e-05
-1.412490947309922e-05
-1.347211798959027e-05
-1.277773151765557e-05
-1.177647350427396e-05
-9.892959239152893e-06
-6.44901184857831e-06
-3.954570854107343e-06
2.780251983901907e-07
5.302524920313487e-06
1.063057707729033e-05
1.628798867941905e-05
2.212778504137017e-05
2.801518797861804e-05
3.383821694858972e-05
3.955344263051016e-05
4.513225240582533e-05
5.055477408088484e-05
5.580781302613957e-05
6.087566796850149e-05
6.57368775071051e-05
7.036547397829338e-05
7.474781766117384e-05
7.888163715103665e-05
8.277586163429067e-05
8.645310411052319e-05
8.994018992661756e-05
9.325643644586228e-05
9.641466800747856e-05
9.942704434214514e-05
0.0001023009460578354
0.000105032697495309
0.000107618008974486
0.0001100554757116747
0.0001123427757556124
0.0001144739387640132
0.000116443432925028
0.0001182451920073195
0.0001198717748434668
0.000121293003670275
0.0001224896250431292
0.000123356530660572
0.0001240249900186251
0.0001236950898323713
0.0001239476484922551
0.0001225226761509459
0.0001191207863631867
0.0001142276808170137
0.0001075063549548933
9.881725061667987e-05
8.832315604759116e-05
7.614132794041896e-05
6.263411635658275e-05
4.815709336656762e-05
3.373086290466693e-05
2.054699477241548e-05
9.858705987996573e-06
1.154187499913053e-06
-6.687887764910321e-06
-1.352312723715463e-05
-7.923302186407281e-06
-1.078544408392751e-05
-1.378855064277705e-05
-1.5457361169076e-05
-1.592363098200729e-05
-1.587116293856006e-05
-1.524689654250762e-05
-1.431269238914818e-05
-1.32284087626607e-05
-1.217541495700274e-05
-1.112851765853412e-05
-1.005378964926516e-05
-8.934772325179699e-06
-7.765998290979789e-06
-6.14911340241675e-06
-3.923022629455953e-06
-6.113685851141413e-07
2.161685337482264e-06
5.933114089414793e-06
1.041006112813776e-05
1.516560629937474e-05
2.014986961384469e-05
2.53060816600096e-05
3.053594082349204e-05
3.576608943365336e-05
4.095218323636151e-05
4.606212075466796e-05
5.107044324940904e-05
5.595604853407851e-05
6.069510006573648e-05
6.526148206881442e-05
6.963118929085034e-05
7.378933950172213e-05
7.773109231521146e-05
8.146084585361307e-05
8.499169352244546e-05
8.833867786081234e-05
9.151333469407183e-05
9.452473861361247e-05
9.738022171550226e-05
0.000100082647811217
0.0001026288597751582
0.0001050129755746038
0.0001072283751562362
0.0001092674471529292
0.000111121350225865
0.0001127797478035374
0.000114228002772632
0.0001154453010152994
0.0001163973720785273
0.0001170587607958849
0.0001173264408061945
0.0001172927216858619
0.0001162784549478672
0.0001156445224877924
0.0001134082417583314
0.0001093005762719937
0.0001038846738725941
9.701252721841096e-05
8.868503147003848e-05
7.915171485690678e-05
6.860944526561665e-05
5.741752969195066e-05
4.590112860513645e-05
3.477808340275477e-05
2.471088979625209e-05
1.627342423208301e-05
8.978487456917893e-06
2.134501616043767e-06
-3.940741659179133e-06
6.790747200026983e-09
-3.179238857819745e-06
-6.313235734478789e-06
-8.384618845807591e-06
-9.423415851945663e-06
-9.949660698449766e-06
-9.92328383587015e-06
-9.512605066980755e-06
-8.811423866184247e-06
-7.943992842622376e-06
-6.889949307517906e-06
-5.704719528827341e-06
-4.352383342673534e-06
-2.78706336654595e-06
-8.284927522338698e-07
1.543411534470405e-06
4.636629081464456e-06
7.522349078554425e-06
1.100331989650149e-05
1.496409821789061e-05
1.915075669976762e-05
2.35269460465872e-05
2.806215705502277e-05
3.269027124144106e-05
3.735432251218286e-05
4.20130443843977e-05
4.663268117717703e-05
5.118474858042558e-05
5.564554279702731e-05
5.9993161307195e-05
6.420588172832819e-05
6.826389129948701e-05
7.215292337688851e-05
7.586546174945273e-05
7.939962220480872e-05
8.275914002004055e-05
8.594990567596905e-05
8.897509177743413e-05
9.183502270044636e-05
9.452932910606686e-05
9.705661153026435e-05
9.941039694804323e-05
0.0001015799196214105
0.000103555199904193
0.000105326528685825
0.0001068812496894967
0.0001082051287651062
0.0001092818519891573
0.0001100906990189587
0.000110595331031177
0.0001107614274491422
0.0001105035293984662
0.0001098785445952568
0.0001083945738945679
0.0001070485695534115
0.0001043423496951652
0.0001000525402084376
9.470937285085738e-05
8.830178752518606e-05
8.088929958026236e-05
7.270733412589287e-05
6.394018046852886e-05
5.486527211440029e-05
4.572063719157287e-05
3.694598187729386e-05
2.890292238475445e-05
2.18818142699682e-05
1.555214433671917e-05
9.525905619785036e-06
4.088917739899485e-06
5.783957886246409e-06
2.477700356962044e-06
-5.514003601484554e-07
-2.850983667311662e-06
-4.214167360541001e-06
-5.036055853394494e-06
-5.3431081283607e-06
-5.243766044643525e-06
-4.796782586018947e-06
-4.095136048903746e-06
-3.128682338087527e-06
-1.961788633904413e-06
-5.482021599957409e-07
1.123253020959134e-06
3.164406675597584e-06
5.542085812970114e-06
8.451258012852309e-06
1.131984794662367e-05
1.459935009900815e-05
1.823163447600707e-05
2.205886582395948e-05
2.604315782434657e-05
3.015678929378014e-05
3.435159070025725e-05
3.858439132567561e-05
4.282209249131272e-05
4.70370191579483e-05
5.120496140798092e-05
5.530465183596103e-05
5.931763738316343e-05
6.322602784311903e-05
6.701034776387924e-05
7.065347349319683e-05
7.414398987335049e-05
7.747516448657161e-05
8.064352762644119e-05
8.365104473717633e-05
8.650198455372246e-05
8.919552999615116e-05
9.172655250049088e-05
9.408903368155665e-05
9.627333950483237e-05
9.826448721661352e-05
0.00010004720479511
0.0001016074978264719
0.0001029288936198673
0.000103994058753042
0.0001047846778921623
0.0001052822808558742
0.000105456489366991
0.0001052744158506046
0.000104668884645602
0.0001036649571954939
0.000101941313218264
0.000100143527518865
9.726882671236448e-05
9.314282205651818e-05
8.817783528675733e-05
8.242392362869453e-05
7.594834463895676e-05
6.893700286245103e-05
6.154078785125544e-05
5.396088396311925e-05
4.636670426639661e-05
3.904294165574104e-05
3.22070837074434e-05
2.603457592240779e-05
2.032037894344137e-05
1.486350424611946e-05
9.862200017522323e-06
9.700251417291776e-06
6.351013348000889e-06
3.485255158152861e-06
1.092348341674182e-06
-4.946931442533792e-07
-1.473362867641506e-06
-1.939539988766326e-06
-1.994325615907331e-06
-1.685130392110285e-06
-1.086136789977629e-06
-2.039564936450921e-07
9.195365213463002e-07
2.320442953371458e-06
3.983237527493114e-06
6.001200219083294e-06
8.323988969759149e-06
1.107929789240493e-05
1.388219014873815e-05
1.700867423327872e-05
2.042163119776032e-05
2.400714918814199e-05
2.772513787616586e-05
3.154760342016572e-05
3.54361679317258e-05
3.935638922728513e-05
4.328253394569855e-05
4.719441792965391e-05
5.107397306204257e-05
5.490354824882452e-05
5.866640602393961e-05
6.234671856427267e-05
6.592425200187179e-05
6.937888821115751e-05
7.269606675228408e-05
7.586514321536575e-05
7.887964598670532e-05
8.173906423768255e-05
8.44479392046517e-05
8.700819735368804e-05
8.94150501445955e-05
9.165870562977489e-05
9.372405561821439e-05
9.559161060959678e-05
9.724044771150852e-05
9.865267400688851e-05
9.981245738677431e-05
0.000100701402061973
0.0001013054911627322
0.0001016076238685972
0.0001015824285568114
0.0001012037346160613
0.0001004194581664138
9.923023950189475e-05
9.742871965411985e-05
9.540466787859391e-05
9.251808905516814e-05
8.86373543403463e-05
8.406013580991851e-05
7.88604209445713e-05
7.310026797416417e-05
6.69195409217963e-05
6.043882882493465e-05
5.381010838262969e-05
4.716686675623227e-05
4.071264018535954e-05
3.45939386503568e-05
2.893374332014804e-05
2.359079365573562e-05
1.849366143470773e-05
1.375960735419091e-05
1.236472325305238e-05
8.980121455146637e-06
6.195649408707257e-06
3.841791891671813e-06
2.146146890773607e-06
1.066522354351535e-06
5.292635601048705e-07
4.144582055212829e-07
6.563282444632902e-07
1.193421992568329e-06
2.008702160422997e-06
3.080217610077381e-06
4.42923821774883e-06
6.037011334105595e-06
7.985147622778246e-06
1.022559716679538e-05
1.284683965714386e-05
1.558472266237598e-05
1.861007772066555e-05
2.188978869455088e-05
2.533007725521058e-05
2.888260920810733e-05
3.251288481952034e-05
3.618873356959844e-05
3.988443993210573e-05
4.358100298528041e-05
4.726469353278461e-05
5.092530832845496e-05
5.455281464316888e-05
5.813388077269261e-05
6.164987724371301e-05
6.507783660570962e-05
6.839579169347366e-05
7.158240887535898e-05
7.462243448530635e-05
7.751113741032441e-05
8.025071251997195e-05
8.284659399224e-05
8.530576565341134e-05
8.762483485229914e-05
8.978907988887467e-05
9.177506247839707e-05
9.355699082458198e-05
9.510904436015441e-05
9.64121752309664e-05
9.745512371170908e-05
9.822359474851464e-05
9.870437566952973e-05
9.888580950361353e-05
9.874653920730815e-05
9.826183683573188e-05
9.738867448404774e-05
9.611303042292378e-05
9.430238305235446e-05
9.216828857302485e-05
8.932336439501504e-05
8.567559308742552e-05
8.142637349017854e-05
7.66524407288108e-05
7.14119173683671e-05
6.581805683698089e-05
5.996715057636162e-05
5.397267413096199e-05
4.794400180447373e-05
4.203349337163553e-05
3.635232454965698e-05
3.096706431667722e-05
2.583487388684357e-05
2.097984073062789e-05
1.641710774249735e-05
1.420727716755402e-05
1.082648426930017e-05
8.07654326028607e-06
5.758033353308742e-06
3.974532949316356e-06
2.825262864950242e-06
2.239838194909106e-06
2.12584976936608e-06
2.379143567781101e-06
2.906313310812136e-06
3.678304923531408e-06
4.684337707128208e-06
5.948547881579284e-06
7.477067794139971e-06
9.335289014843578e-06
1.149024269704106e-05
1.399879166213732e-05
1.668977252257182e-05
1.966456387625442e-05
2.287891647393061e-05
2.624298929128724e-05
2.969492190559967e-05
3.319206931592766e-05
3.670924308660884e-05
4.023012943045979e-05
4.374381655568543e-05
4.724470312561782e-05
5.073054435868778e-05
5.420074927518031e-05
5.764917767594957e-05
6.105906261969217e-05
6.439543985304697e-05
6.762352522398395e-05
7.071416806042198e-05
7.364985565702613e-05
7.6428663931314e-05
7.906227268426774e-05
8.156537767153831e-05
8.395310016428347e-05
8.622619602706634e-05
8.836093289724623e-05
9.031684837237823e-05
9.205612663524702e-05
9.354722364008059e-05
9.477329933042046e-05
9.572660137405228e-05
9.640551944356323e-05
9.6796806044328e-05
9.689544554461936e-05
9.668862856946673e-05
9.61536565679092e-05
9.525132427891457e-05
9.395361998359945e-05
9.217454158053517e-05
8.999974148456064e-05
8.721667954785072e-05
8.376288841607842e-05
7.976398305946218e-05
7.529176298057113e-05
7.040347077422354e-05
6.51749070697008e-05
5.970889296770196e-05
5.411342477916412e-05
4.848487591744303e-05
4.293107723805627e-05
3.754163420150246e-05
3.236282850763844e-05
2.74150584975837e-05
2.272993894937785e-05
1.826283832345448e-05
1.5468600831775e-05
1.207143579896519e-05
9.310169965743452e-06
7.009908842150498e-06
5.272264061883634e-06
4.145248245038683e-06
3.523748024023392e-06
3.379315757486078e-06
3.625208739351321e-06
4.170077568666664e-06
4.927426625985571e-06
5.882678729411448e-06
7.065795918511951e-06
8.503795846655089e-06
1.02561666693559e-05
1.232864546332582e-05
1.474489507073293e-05
1.741339017611451e-05
2.037769128897686e-05
2.358239164509879e-05
2.693076156100936e-05
3.033617986489139e-05
3.374578925655784e-05
3.714665455443921e-05
4.053144235664907e-05
4.389766082149194e-05
4.724941500714797e-05
5.059329465346421e-05
5.393883584439818e-05
5.728851290633717e-05
6.06354339086207e-05
6.392892502162108e-05
6.71089330018861e-05
7.013179294579676e-05
7.297815873705707e-05
7.565093641314103e-05
7.817624223393108e-05
8.058785297362007e-05
8.291753919901179e-05
8.517138817097372e-05
8.731238950049076e-05
8.927513743823977e-05
9.100044422222211e-05
9.244776677526219e-05
9.361043856861729e-05
9.44900438653006e-05
9.509691898052641e-05
9.541728978085042e-05
9.545348013498935e-05
9.520410344171883e-05
9.464752055781719e-05
9.374495099123235e-05
9.245595168380008e-05
9.072204419447595e-05
8.854047399222666e-05
8.580838984492684e-05
8.248501615481712e-05
7.864413629487761e-05
7.435794350944583e-05
6.968881179569317e-05
6.470998486350323e-05
5.952406044105821e-05
5.422776173709341e-05
4.890259834997158e-05
4.362085351721912e-05
3.846115619410443e-05
3.34564904061172e-05
2.863579561989138e-05
2.40377327385426e-05
1.95694054593102e-05
1.632161405593984e-05
1.290749933699445e-05
1.014031276786067e-05
7.80594333141211e-06
6.069955287276904e-06
4.956351386861132e-06
4.370461522440733e-06
4.27670145951995e-06
4.569237093590628e-06
5.142392016890944e-06
5.8958819881014e-06
6.788132172554055e-06
7.865796704767968e-06
9.194858660006284e-06
1.084948946182255e-05
1.28420506153127e-05
1.518181265588591e-05
1.785756511838983e-05
2.084377974000028e-05
2.407965258924559e-05
2.74543873764861e-05
3.084419107328228e-05
3.418848631237511e-05
3.749821383596982e-05
4.077187890091648e-05
4.401233711992183e-05
4.723470652031402e-05
5.045726586303469e-05
5.369993391878113e-05
5.697674408386239e-05
6.029589641858244e-05
6.358740553356818e-05
6.675530466396792e-05
6.973569707889472e-05
7.250759435084537e-05
7.508000861594955e-05
7.749733057063722e-05
7.981696880282633e-05
8.209970286858587e-05
8.436557528406517e-05
8.654870635939936e-05
8.855273230024788e-05
9.02900604181746e-05
9.170673731506353e-05
9.281234535647705e-05
9.362707557553989e-05
9.417213705360086e-05
9.443189275744889e-05
9.441671084929663e-05
9.414017320516377e-05
9.358140519351674e-05
9.26990133766706e-05
9.144008028961914e-05
8.975893908544004e-05
8.756231161383371e-05
8.485011278012343e-05
8.161802144956817e-05
7.789491569934271e-05
7.374321970203292e-05
6.923175016493701e-05
6.444591661222399e-05
5.94801302549539e-05
5.441200962778982e-05
4.930815334401521e-05
4.421596839771167e-05
3.920182030259914e-05
3.427989115595175e-05
2.950385480142169e-05
2.495960526075198e-05
2.047973296108266e-05
1.691301775104583e-05
1.346892964555704e-05
1.070461410160015e-05
8.340954085476981e-06
6.576316911199167e-06
5.471821516070734e-06
4.919620749653843e-06
4.908030726233257e-06
5.277517224947758e-06
5.871803077904803e-06
6.60870038072027e-06
7.449702063390107e-06
8.455072922347647e-06
9.665329040769666e-06
1.123337400891847e-05
1.314900753421693e-05
1.541759271234106e-05
1.810411810500497e-05
2.113291672529039e-05
2.443339441618043e-05
2.786709672741558e-05
3.125939621061241e-05
3.45528151544728e-05
3.779028968377624e-05
4.096936262059803e-05
4.409933139549915e-05
4.720763068081936e-05
5.032481793673992e-05
5.347875377719398e-05
5.670050697603364e-05
6.00202666225535e-05
6.334459574440102e-05
6.65308092186942e-05
6.94884094164355e-05
7.219747337049959e-05
7.467314776637887e-05
7.69790413509175e-05
7.920130103900514e-05
8.143977328670858e-05
8.374219062551665e-05
8.599633463736024e-05
8.80671991697684e-05
8.983451229712889e-05
9.122874182822239e-05
9.227985524339932e-05
9.303362198847735e-05
9.352191036135579e-05
9.373044759222335e-05
9.367286731645842e-05
9.337825894280532e-05
9.282732684714714e-05
9.197559979648841e-05
9.075680827946472e-05
8.913901991680922e-05
8.694782878141399e-05
8.425254387976903e-05
8.10825944199921e-05
7.743784402000891e-05
7.337047110070403e-05
6.895162403182299e-05
6.426594248941427e-05
5.942571055845015e-05
5.45102202899268e-05
4.956859552180984e-05
4.462010190076132e-05
3.971764043667826e-05
3.485945796178073e-05
3.011558098908619e-05
2.561536523705809e-05
2.113115546247908e-05
1.732672328925148e-05
1.384389306549281e-05
1.108127640993712e-05
8.695471005815526e-06
6.903142321699794e-06
5.79974574585605e-06
5.269096099660821e-06
5.338916005904666e-06
5.79080842104229e-06
6.437205587568355e-06
7.173636952288698e-06
7.974065912523347e-06
8.915336106827049e-06
1.001472749274498e-05
1.147811896439933e-05
1.331163214891006e-05
1.551689072222828e-05
1.821910730633289e-05
2.130958554240706e-05
2.470173596603304e-05
2.821662838161254e-05
3.162031971013345e-05
3.487060825936121e-05
3.804818629642537e-05
4.114579556903817e-05
4.417864105065899e-05
4.718678761566232e-05
5.021200693319429e-05
5.328655179148779e-05
5.646386565489558e-05
5.980538028008637e-05
6.31874293648303e-05
6.641226704140619e-05
6.936025519723068e-05
7.201519969928773e-05
7.43978615370145e-05
7.658995928672439e-05
7.870787412640592e-05
8.090377341061548e-05
8.325924522093202e-05
8.560155659420385e-05
8.77553230750335e-05
8.956231965364796e-05
9.093674742729371e-05
9.193667495760842e-05
9.263500503906554e-05
9.307198133821223e-05
9.3235696463437e-05
9.31451827597375e-05
9.284063662260957e-05
9.230334208151973e-05
9.148719900058003e-05
9.031136601168794e-05
8.875146394599557e-05
8.657433074168098e-05
8.388631486045307e-05
8.074560483564641e-05
7.714097558814218e-05
7.311765653073987e-05
6.87479352512633e-05
6.412129227837207e-05
5.937272941451645e-05
5.458174405243942e-05
4.977434210658852e-05
4.494112599812036e-05
4.01204670248775e-05
3.530105147684147e-05
3.056551012717092e-05
2.609454820585167e-05
2.160672969227161e-05
1.761781256563538e-05
1.409211166523814e-05
1.132812642061923e-05
8.925570053733293e-06
7.108228171793851e-06
5.993318321708099e-06
5.478679371552662e-06
5.633610288426178e-06
6.173330411448285e-06
6.876416303757706e-06
7.606907981224685e-06
8.357835470879324e-06
9.225405966410507e-06
1.026250417515111e-05
1.161650958853288e-05
1.337291216803055e-05
1.552132269534313e-05
1.823962927187219e-05
2.140476371870072e-05
2.490586990444666e-05
2.851283548661083e-05
3.192842264980663e-05
3.513800999211515e-05
3.826384330128316e-05
4.129043209538435e-05
4.423839062800782e-05
4.715973421255731e-05
5.010503648409696e-05
5.310551259554544e-05
5.624401396142667e-05
5.962245051718156e-05
6.307839996059766e-05
6.635318478731646e-05
6.929853545131156e-05
7.190656738618418e-05
7.420174169462605e-05
7.628400360017897e-05
7.82962087260718e-05
8.045366520982784e-05
8.287492854689728e-05
8.531658577299923e-05
8.756489131714978e-05
8.941451037918006e-05
9.076498610204636e-05
9.171803587081519e-05
9.237097721401374e-05
9.276317973827173e-05
9.288588805468051e-05
9.277033337116941e-05
9.246374862676031e-05
9.194497286320686e-05
9.116803768696956e-05
9.003731052175826e-05
8.853355105573728e-05
8.63759162432759e-05
8.368984637159555e-05
8.056133590806542e-05
7.697860671008741e-05
7.297761918612151e-05
6.862936088071834e-05
6.403080992013306e-05
5.934467978978704e-05
5.465033494910875e-05
4.994859165743639e-05
4.520617293179017e-05
4.044275351926317e-05
3.564293300976764e-05
3.089945616480838e-05
2.644906866014116e-05
2.195988435585795e-05
1.782561131336211e-05
1.42539488441158e-05
1.148642486800341e-05
9.07149646526874e-06
7.231234865599093e-06
6.094308445469656e-06
5.589605942248223e-06
5.830135129367475e-06
6.460074038759139e-06
7.220422658224247e-06
7.941634792667091e-06
8.642491958553531e-06
9.427058817620286e-06
1.042864608921572e-05
1.168013720146267e-05
1.336745550209698e-05
1.546183233430427e-05
1.819304751682198e-05
2.144005874533652e-05
2.505887700557987e-05
2.876263803414319e-05
3.21878776393074e-05
3.53581335442056e-05
3.844034629632665e-05
4.140668653883504e-05
4.428187550319082e-05
4.712916781029365e-05
5.000705737304674e-05
5.29391195983306e-05
5.604281570927006e-05
5.946756010530765e-05
6.300507527335488e-05
6.633314757450886e-05
6.927696549524122e-05
7.184283972778063e-05
7.405757886452547e-05
7.603660102989004e-05
7.79435085406839e-05
8.006742389165073e-05
8.256211923530713e-05
8.510835704422214e-05
8.745817916222407e-05
8.93504873958698e-05
9.067273735156998e-05
9.158252636906951e-05
9.219935627617172e-05
9.254953338980229e-05
9.263806292188065e-05
9.250380173169003e-05
9.220053189969573e-05
9.170348572659207e-05
9.096763556212669e-05
8.988197271016258e-05
8.843299026850805e-05
8.629836776357992e-05
8.360927743754278e-05
8.0480794426234e-05
7.690761459011552e-05
7.291402424329329e-05
6.85680935687343e-05
6.397566305943942e-05
5.933177587349214e-05
5.471455935916176e-05
5.009562624043055e-05
4.542647026815742e-05
4.070546968422124e-05
3.591247258400733e-05
3.1151084345612e-05
2.671590358935075e-05
2.222877839654808e-05
1.797753456611708e-05
1.435705459348636e-05
1.158441678364291e-05
9.159417616460669e-06
7.29711183667362e-06
6.131733105123197e-06
5.631722572274279e-06
5.95397369142256e-06
6.675969513752134e-06
7.49217037289368e-06
8.202494872074675e-06
8.85503450430378e-06
9.554992011085109e-06
1.053092630234853e-05
1.169433924623553e-05
1.331762275530788e-05
1.535914376782989e-05
1.810038299917825e-05
2.143279616885381e-05
2.517112792561592e-05
2.89722417790433e-05
3.240391852494355e-05
3.553673288704313e-05
3.858359821933894e-05
4.14994973552425e-05
4.431319552470035e-05
4.70971372057435e-05
4.991743363369998e-05
5.278690652358305e-05
5.586058556839626e-05
5.933832837142303e-05
6.296014927637074e-05
6.634081696350209e-05
6.928172141119173e-05
7.180825437073106e-05
7.394970206909433e-05
7.583257318952517e-05
7.763496535940322e-05
7.973073854380956e-05
8.23018325913231e-05
8.495147473241684e-05
8.740582663397883e-05
8.933992232826427e-05
9.063416676423904e-05
9.150551089558704e-05
9.20928231889944e-05
9.240265890728309e-05
9.246103799725151e-05
9.231278277510409e-05
9.201562386994825e-05
9.154159467331352e-05
9.084743958572191e-05
8.980600292730215e-05
8.841115917083189e-05
8.630199988648149e-05
8.360645395257521e-05
8.047042730281636e-05
7.689861267997799e-05
7.290244637067031e-05
6.854631718904616e-05
6.394518668809032e-05
5.932842663096454e-05
5.47719203795885e-05
5.021738446148616e-05
4.560798545381717e-05
4.092122647247033e-05
3.612855476491488e-05
3.134449104164548e-05
2.692144333126352e-05
2.243944636368053e-05
1.809225216173112e-05
1.441944848339004e-05
1.16391683882149e-05
9.205076574584944e-06
7.320304473293465e-06
6.122782166801984e-06
5.623626244852359e-06
6.019836680650392e-06
6.839940553860605e-06
7.710813834704189e-06
8.412223707751132e-06
9.016551537591273e-06
9.639748028453934e-06
1.057529526448243e-05
1.168538553420435e-05
1.324394816680703e-05
1.522833149806266e-05
1.797466089575376e-05
2.139234580966907e-05
2.524764882598027e-05
2.914420116847967e-05
3.258163488294724e-05
3.568351563433193e-05
3.870443120370168e-05
4.157872585764894e-05
4.433998731309597e-05
4.706732928175468e-05
4.983574620114543e-05
5.264572932178093e-05
5.569331242389173e-05
5.922901326414483e-05
6.293610163886419e-05
6.636939336480518e-05
6.930877943667541e-05
7.179875296491459e-05
7.387203282017583e-05
7.566287613494753e-05
7.736086540630652e-05
7.943202846044663e-05
8.207848246882286e-05
8.482537653879377e-05
8.738448775257639e-05
8.936132240228567e-05
9.063270261363361e-05
9.147331392191934e-05
9.203094045866937e-05
9.23100240487299e-05
9.233754292542151e-05
9.217539769017761e-05
9.188365722238094e-05
9.143138043236493e-05
9.077781817213576e-05
8.977962371212236e-05
8.843934466381627e-05
8.635842395326692e-05
8.36556530692785e-05
8.050880520073678e-05
7.693306695521019e-05
7.292706368619613e-05
6.855159222884436e-05
6.393183956515036e-05
5.932833415893597e-05
5.481652851613174e-05
5.031291787506133e-05
4.575638709951349e-05
4.109873485936587e-05
3.630537887226844e-05
3.149730105891356e-05
2.708435688516159e-05
2.260958819124313e-05
1.818196491781567e-05
1.445074141782397e-05
1.165839784230929e-05
9.217558991359401e-06
7.310621760673518e-06
6.078323439960833e-06
5.576128677066002e-06
6.034307586480947e-06
6.962407088614265e-06
7.891566475790036e-06
8.591906806589245e-06
9.149542451485511e-06
9.707302018138485e-06
1.058710534361712e-05
1.165966823289716e-05
1.315766584376879e-05
1.5078454987859e-05
1.782194571479577e-05
2.132093503266031e-05
2.528817011695097e-05
2.927784229375716e-05
3.272617882100318e-05
3.580811240909094e-05
3.881334238299702e-05
4.165392885076213e-05
4.436993392896977e-05
4.704327491757876e-05
4.97611984904509e-05
5.251110886281518e-05
5.553339320580383e-05
5.912928861446694e-05
6.292214425902545e-05
6.641230742768361e-05
6.935891085499974e-05
7.181840950416431e-05
7.382751679237977e-05
7.552433343848181e-05
7.711480152100643e-05
7.916118195807978e-05
8.187736633288665e-05
8.4713951181969e-05
8.73761340869606e-05
8.939955883670978e-05
9.065743656165706e-05
9.148257161816846e-05
9.200748152644762e-05
9.225851883811393e-05
9.225527443854874e-05
9.207681267773468e-05
9.178698169211991e-05
9.13528056241861e-05
9.073728906903863e-05
8.978144482805248e-05
8.849719083786651e-05
8.644831811128818e-05
8.374006182278045e-05
8.058240272090267e-05
7.699912663656396e-05
7.297666558674616e-05
6.857394576664869e-05
6.392698546167778e-05
5.932277553797107e-05
5.484210091877745e-05
5.037974722299166e-05
4.587608929783279e-05
4.124706880444569e-05
3.645462502758041e-05
3.162114345631126e-05
2.721520351137281e-05
2.275063187624416e-05
1.825469396566677e-05
1.445681132971405e-05
1.164537364624869e-05
9.204699296474228e-06
7.279720926438311e-06
6.008918065283841e-06
5.495110642475832e-06
6.001396862844878e-06
7.050591187246396e-06
8.045930385377428e-06
8.75607511356523e-06
9.273250638318137e-06
9.773520945738923e-06
1.059418692638837e-05
1.161712102281894e-05
1.306486040539128e-05
1.491330508332534e-05
1.764337638919633e-05
2.12166304810008e-05
2.529128578446685e-05
2.937450443114403e-05
3.28447769865195e-05
3.591791334181232e-05
3.891670277112342e-05
4.173111520354185e-05
4.440756097067564e-05
4.702757490356916e-05
4.969384003837823e-05
5.237892667372895e-05
5.537232390762496e-05
5.902725363075036e-05
6.29067600915608e-05
6.646293354877861e-05
6.943257673556232e-05
7.187204126768369e-05
7.382164018962173e-05
7.541725267398024e-05
7.689019546118064e-05
7.89080571559753e-05
8.168435285105401e-05
8.460662336657878e-05
8.737023607111833e-05
8.944678421157045e-05
9.072070370107228e-05
9.151826505213976e-05
9.201232445700781e-05
9.223815724480173e-05
9.220363910067819e-05
9.200507455217896e-05
9.171311091433571e-05
9.129129260996231e-05
9.071114678218766e-05
8.97974491696649e-05
8.857184405644914e-05
8.655923078791869e-05
8.384778742338492e-05
8.068039144698998e-05
7.708628963515477e-05
7.303967045122088e-05
6.860122060643904e-05
6.391751388725078e-05
5.930175568972977e-05
5.484389624571998e-05
5.041565877202694e-05
4.597086297355903e-05
4.137398624990104e-05
3.658293778451683e-05
3.172127797453577e-05
2.731761761995939e-05
2.286830885832283e-05
1.831548307836243e-05
1.444702909881544e-05
1.160820074246444e-05
9.177651860121837e-06
7.243753112741954e-06
5.93030838781829e-06
5.386618506767145e-06
5.928808768754559e-06
7.113793658186046e-06
8.182984781586021e-06
8.910203883700876e-06
9.396872008489286e-06
9.842699300879634e-06
1.060477344402944e-05
1.156530016973033e-05
1.297171933618006e-05
1.473531971754474e-05
1.743980413703148e-05
2.107942747983954e-05
2.525980173447316e-05
2.944267899151395e-05
3.294591023038789e-05
3.601691638247841e-05
3.901579333274579e-05
4.181104158254311e-05
4.445143926374748e-05
4.702080930758041e-05
4.963549944165317e-05
5.224788045206314e-05
5.520418742267706e-05
5.89146424703757e-05
6.288265338773108e-05
6.651610772164329e-05
6.952617029349369e-05
7.195793124063197e-05
7.385338007692408e-05
7.534085033815272e-05
7.668046043075075e-05
7.866582939667019e-05
8.149029132284606e-05
8.449923371387165e-05
8.736471675231889e-05
8.952419122643102e-05
9.080593425183886e-05
9.156417364268878e-05
9.203708728466088e-05
9.223966074777597e-05
9.217280722189112e-05
9.195023638165221e-05
9.165122171176229e-05
9.123757615457629e-05
9.069069390941592e-05
8.981941171126384e-05
8.865599001757649e-05
8.668176937932878e-05
8.396648599598836e-05
8.07891856933522e-05
7.718115154040829e-05
7.310429001463627e-05
6.862093565525871e-05
6.38902956320287e-05
5.925986673421651e-05
5.482256084689179e-05
5.042411509783212e-05
4.60445587003327e-05
4.148373165606598e-05
3.66864079109538e-05
3.179730692418078e-05
2.739309915681756e-05
2.2963194471328e-05
1.83617631662006e-05
1.44345857009794e-05
1.156403921025605e-05
9.150593788775796e-06
7.218273893303876e-06
5.862391021068758e-06
5.267018646365594e-06
5.835608273323311e-06
7.160944770245201e-06
8.304567560394717e-06
9.048806355938659e-06
9.518183842120176e-06
9.910197151374846e-06
1.061634944011363e-05
1.151642463087397e-05
1.28886360865296e-05
1.455972345858322e-05
1.722203967984717e-05
2.091836167335845e-05
2.520655121598615e-05
2.949965249161651e-05
3.303612758684399e-05
3.61039293522955e-05
3.910738021975228e-05
4.188840419551572e-05
4.449554903689116e-05
4.702137421679658e-05
4.959032959196257e-05
5.212583477026196e-05
5.50337693633318e-05
5.879439242919188e-05
6.285103349998965e-05
6.656870041022547e-05
6.962903545727414e-05
7.206167805623151e-05
7.391235170058481e-05
7.529150521709702e-05
7.649083496782022e-05
7.844197251335589e-05
8.130378734701802e-05
8.439432561392395e-05
8.737772315996465e-05
8.962354746113832e-05
9.088919708274626e-05
9.161467662186124e-05
9.20718694786452e-05
9.225269896156267e-05
9.215423298047665e-05
9.190547051809006e-05
9.159544930180913e-05
9.118850954771127e-05
9.067189235420547e-05
8.984226162911655e-05
8.874319402696454e-05
8.68034767605605e-05
8.407910060137533e-05
8.089208670865211e-05
7.726847104231809e-05
7.316365727354259e-05
6.863037479992742e-05
6.384932594037154e-05
5.920470032836879e-05
5.478658759317247e-05
5.041924491325231e-05
4.610013692693941e-05
4.157523733020877e-05
3.676641364376885e-05
3.183874908034006e-05
2.744368290556191e-05
2.303454850937004e-05
1.839328592203011e-05
1.442831784448826e-05
1.152702480805828e-05
9.132680770839801e-06
7.208290684813887e-06
5.819988835354716e-06
5.165478310741674e-06
5.753347478230036e-06
7.197596047226131e-06
8.404232217587434e-06
9.155506474270903e-06
9.617696999827384e-06
9.977957259246554e-06
1.062370684522506e-05
1.147785158253526e-05
1.28279423598378e-05
1.442896119580479e-05
1.702055540908338e-05
2.07616978073002e-05
2.515294621556435e-05
2.95580987044226e-05
3.311604532755294e-05
3.617447030101984e-05
3.918409547541949e-05
4.195366201616591e-05
4.453240436912243e-05
4.702508649767968e-05
4.956217877977993e-05
5.203418178667711e-05
5.488571024466357e-05
5.868193803972289e-05
6.282095094943331e-05
6.661629457106368e-05
6.972018102423591e-05
7.215616819603774e-05
7.397643116405835e-05
7.526932674460251e-05
7.635998728570013e-05
7.824892028608645e-05
8.114832029287988e-05
8.431069531616379e-05
8.741446219387637e-05
8.971718639174528e-05
9.096347298197248e-05
9.165891402581696e-05
9.21038601068737e-05
9.226870763825948e-05
9.21433905241258e-05
9.18706442956581e-05
9.154943222316474e-05
9.114739671290065e-05
9.065536671988087e-05
8.986197653229308e-05
8.882143936547191e-05
8.690736139704869e-05
8.41660795638724e-05
8.097687333858856e-05
7.733736540667402e-05
7.321193542572173e-05
6.863841132853677e-05
6.382248396683345e-05
5.91547619333998e-05
5.475414358313204e-05
5.041382906204601e-05
4.613382392441036e-05
4.164474127226155e-05
3.68211454921683e-05
3.185600151318054e-05
2.746956094689369e-05
2.307872255564578e-05
1.841078564588688e-05
1.442654391559548e-05
1.150487533647204e-05
9.125109068920423e-06
7.207830450146742e-06
5.801895823325262e-06
5.106327635148594e-06
5.707856723117521e-06
7.225051998131186e-06
8.471398280654334e-06
9.216807892199568e-06
9.691108918668548e-06
1.002508674134826e-05
1.062471795876164e-05
1.145033649122652e-05
1.279375983038226e-05
1.43685259683546e-05
1.687735957009637e-05
2.064956136295204e-05
2.512443113357927e-05
2.960501889871517e-05
3.3189635391163e-05
3.622515586517766e-05
3.923639343499681e-05
4.199704072535316e-05
4.455546621883631e-05
4.70266146048779e-05
4.954772826600714e-05
5.198436942189438e-05
5.479749743797235e-05
5.859624107549617e-05
6.28005805270069e-05
6.665200949189549e-05
6.978033409543679e-05
7.221754650181722e-05
7.402004589224772e-05
7.526415983070076e-05
7.629906658565978e-05
7.812098430338223e-05
8.105288111212264e-05
8.426558634132877e-05
8.745426228459361e-05
8.978680737794865e-05
9.101276347600907e-05
9.169191607503468e-05
9.21223951823257e-05
9.227952855003564e-05
9.213843103330686e-05
9.18482638121923e-05
9.152075272803449e-05
9.112174380501827e-05
9.064547341050944e-05
8.987674772518388e-05
8.887566595146906e-05
8.697709179654303e-05
8.42257291689163e-05
8.103069327807332e-05
7.738292763816352e-05
7.324559425102178e-05
6.864860896960315e-05
6.381555612929638e-05
5.913379690436233e-05
5.473617577618662e-05
5.041434952810402e-05
4.615139871584014e-05
4.168731083295116e-05
3.685026317919493e-05
3.186360489786712e-05
2.747815998156528e-05
2.309875253495639e-05
1.841725982475497e-05
1.442586395005874e-05
1.149602719093266e-05
9.123322325918618e-06
7.209347391900407e-06
5.797375698104478e-06
5.085677107413181e-06
5.696657617382927e-06
7.244787232332843e-06
8.505478628638414e-06
9.241199180712659e-06
9.731427695487516e-06
1.004266517961238e-05
1.06213291658649e-05
1.143442399401074e-05
1.277917248143366e-05
1.435384459931593e-05
1.681173090031009e-05
2.060343121345623e-05
2.512626679140267e-05
2.96374936643997e-05
3.324121503929105e-05
3.625251829180055e-05
3.926141729150197e-05
4.201609506244674e-05
4.456352930422258e-05
4.702398358059282e-05
4.954002195111084e-05
5.196489490917927e-05
5.476472382324854e-05
5.855417826049824e-05
6.279403901320254e-05
6.667120725293344e-05
6.980684876644229e-05
7.224175178931236e-05
7.403651543658899e-05
7.526219453241395e-05
7.627812771146562e-05
7.806475337457638e-05
8.101728054472776e-05
8.425505704174687e-05
8.747988201126376e-05
8.982186506778923e-05
9.103478729853521e-05
9.17089943710459e-05
9.212754826211567e-05
9.228290062754236e-05
9.213708082210178e-05
9.18370379631845e-05
9.150948090399071e-05
9.111291933943567e-05
9.064445591416294e-05
8.988774207554961e-05
8.890381715513545e-05
8.701150889056362e-05
8.426107750209339e-05
8.10573336082279e-05
7.740775335510516e-05
7.326594417092016e-05
6.865963883506628e-05
6.381901555347773e-05
5.913552093989269e-05
5.473282658519212e-05
5.042107864428548e-05
4.616252867562312e-05
4.170746340283222e-05
3.686223267182539e-05
3.186647132278356e-05
2.747981264040051e-05
2.31047606960519e-05
1.841832871510881e-05
1.442521707885481e-05
1.149348767066803e-05
9.12314261062085e-06
7.209991054541553e-06
5.797068251540541e-06
5.083213494647751e-06
5.70056250444248e-06
7.257586919920186e-06
8.518592700441632e-06
9.247466379391928e-06
9.743007535091671e-06
1.004421367169275e-05
1.061694550486216e-05
1.142698750336677e-05
1.277451363977091e-05
1.435364915764958e-05
1.679805909539876e-05
2.060170588544309e-05
2.51422227349178e-05
2.96588684081549e-05
3.326540801514148e-05
3.62628523649731e-05
3.926846028992117e-05
4.201962985198528e-05
4.456280105258357e-05
4.70197348182214e-05
4.953519747413001e-05
5.195931227278912e-05
5.475792260219188e-05
5.854393294912817e-05
6.279611099499598e-05
6.667746823839077e-05
6.981417871015321e-05
7.22446680362475e-05
7.403700144656839e-05
7.525878813107512e-05
7.627151534167445e-05
7.80490200626093e-05
8.101124710194832e-05
8.42583542649439e-05
8.749170168284729e-05
8.983279446840094e-05
9.104081077403949e-05
9.171365962339199e-05
9.212669021944217e-05
9.228231964297349e-05
9.213672228254844e-05
9.183327624372974e-05
9.150772887662509e-05
9.11132712736034e-05
9.0648376354101e-05
8.989597336945747e-05
8.891644817777079e-05
8.702591912806482e-05
8.427839722204254e-05
8.107013706031225e-05
7.742103129001419e-05
7.327833519887232e-05
6.866967344627295e-05
6.382668046602586e-05
5.914334879889473e-05
5.473798815969333e-05
5.042974532240329e-05
4.617079281330146e-05
4.171622294873469e-05
3.686656844941508e-05
3.186731638792446e-05
2.747941992275528e-05
2.310535304717388e-05
1.84175262449326e-05
1.442435607817942e-05
1.14927391443793e-05
9.122959155170388e-06
7.209755806340654e-06
5.797046283100883e-06
5.085034247793592e-06
5.706194149950726e-06
7.264750831874251e-06
8.523060907395458e-06
9.247640917756768e-06
9.742865407337288e-06
1.004062519550222e-05
1.061291178077924e-05
1.142364415568449e-05
1.277336854435425e-05
1.435587479196202e-05
1.680228880061307e-05
2.061244943550233e-05
2.515742166186289e-05
2.967171922523076e-05
3.327473026393266e-05
3.626730640064763e-05
3.926953313406324e-05
4.201847653730897e-05
4.456013047119298e-05
4.701632817197319e-05
4.953212002766208e-05
5.195768217115887e-05
5.47586258737754e-05
5.854467263375965e-05
6.279957086330371e-05
6.667898072518059e-05
6.981516672446691e-05
7.224196195896542e-05
7.403307622025045e-05
7.525466138581941e-05
7.626852266575221e-05
7.804661140188931e-05
8.101231602685687e-05
8.426229762465825e-05
8.749613987412531e-05
8.983504199757154e-05
9.104125214839248e-05
9.17138381282539e-05
9.212508187277861e-05
9.228111125695777e-05
9.213635691078371e-05
9.18329170315252e-05
9.150894700089599e-05
9.111598044400335e-05
9.065285057135636e-05
8.990191371097566e-05
8.892318718072258e-05
8.703335490550041e-05
8.428760052711018e-05
8.107812179460536e-05
7.742963027806327e-05
7.328706707982464e-05
6.867821355885305e-05
6.383476095646715e-05
5.915141105833558e-05
5.474542161083932e-05
5.043742477160197e-05
4.617731348759027e-05
4.172088893062511e-05
3.686843993831604e-05
3.186741310291672e-05
2.7478660805774e-05
2.310449764220532e-05
1.841625055132795e-05
1.442328353081126e-05
1.149215384648406e-05
9.122513922701972e-06
7.20907360038779e-06
5.796521629758563e-06
5.086544594589062e-06
5.710376977804612e-06
7.269086877637746e-06
8.524984227638204e-06
9.246619403628822e-06
9.74007271620559e-06
1.003655527349768e-05
1.060938529512607e-05
1.14216082752401e-05
1.27729301787937e-05
1.435778952747245e-05
1.680856395527167e-05
2.062250406362239e-05
2.516889256702369e-05
2.968044335555582e-05
3.32792504333635e-05
3.627033051007546e-05
3.926988291344793e-05
4.201715561456664e-05
4.455792762415636e-05
4.701398328591178e-05
4.953000691017138e-05
5.195662225897153e-05
5.475987776222291e-05
5.854719151524009e-05
6.280251691543071e-05
6.66802759353346e-05
6.981479635301832e-05
7.223940891982e-05
7.402936804049712e-05
7.525082826838454e-05
7.626611435849814e-05
7.804637889593243e-05
8.101357440294527e-05
8.426502506890959e-05
8.749842227202855e-05
8.983581702608159e-05
9.104094222534669e-05
9.171316084275938e-05
9.212408297861632e-05
9.228028888173534e-05
9.213616484528383e-05
9.183349247845054e-05
9.151057226600723e-05
9.111872216560771e-05
9.065671666470376e-05
8.990659791230764e-05
8.892826870358981e-05
8.70390543110926e-05
8.429410763868291e-05
8.108472714849543e-05
7.743658654511042e-05
7.329422905178568e-05
6.868546221454348e-05
6.384190382907373e-05
5.915838041307491e-05
5.47523842859691e-05
5.04437780446236e-05
4.618270268980899e-05
4.172428585659299e-05
3.686963170128544e-05
3.18672482521975e-05
2.74779280259874e-05
2.310344480389406e-05
1.841491281913535e-05
1.442207577134586e-05
1.149142988644264e-05
9.121892621703292e-06
7.20819076132958e-06
5.795599388948793e-06
5.087212200259608e-06
5.713411564437194e-06
7.272441119487635e-06
8.526433608928681e-06
9.245677869918353e-06
9.73727571800757e-06
1.003295880372972e-05
1.060622318254703e-05
1.14198349551018e-05
1.277241300168478e-05
1.43589777912207e-05
1.681337157924675e-05
2.063046856162385e-05
2.517821161525688e-05
2.968775271500702e-05
3.328321243848956e-05
3.627260909951602e-05
3.927041643768563e-05
4.201632570107297e-05
4.455630243629429e-05
4.701224275589005e-05
4.952834865223862e-05
5.195547003065531e-05
5.476042938933051e-05
5.854937003648785e-05
6.280512928932304e-05
6.668193096703135e-05
6.981470423389764e-05
7.223780749009556e-05
7.402659898564705e-05
7.52475427518903e-05
7.62636477419957e-05
7.804572142672668e-05
8.101430267787549e-05
8.426723934796991e-05
8.750057627386614e-05
8.983690132647492e-05
9.104098171576048e-05
9.171261925719457e-05
9.212355433892273e-05
9.227984958735673e-05
9.213616323577532e-05
9.183418215297689e-05
9.151207205026879e-05
9.112117752295017e-05
9.066011234591163e-05
8.991076880027045e-05
8.893298418702434e-05
8.704436538326027e-05
8.429984181327153e-05
8.109082762103183e-05
7.744291366833287e-05
7.330068350330596e-05
6.86918595911882e-05
6.384808532105226e-05
5.916434425809973e-05
5.475830184312477e-05
5.044927371311319e-05
4.618735500607603e-05
4.172721811840837e-05
3.687060319365334e-05
3.186697816592841e-05
2.747725354254447e-05
2.310246424556309e-05
1.841383861860223e-05
1.442106894345143e-05
1.149078250004144e-05
9.121313157818202e-06
7.207365288897736e-06
5.794645986282052e-06
5.087389644005682e-06
5.715580602241101e-06
7.275135901403018e-06
8.527737455837437e-06
9.245116980786051e-06
9.735239404883046e-06
1.00302903720912e-05
1.060386428708323e-05
1.141855152235395e-05
1.277212610182559e-05
1.435989620213432e-05
1.681686743435391e-05
2.063682718934717e-05
2.518583829527916e-05
2.969399764375325e-05
3.328689478233575e-05
3.627459786721907e-05
3.927123375432505e-05
4.201607542853446e-05
4.455536780622663e-05
4.701116326546664e-05
4.952727697835994e-05
5.195458358503761e-05
5.476066956292013e-05
5.855101620589241e-05
6.280733765083631e-05
6.668353600766804e-05
6.981495369907749e-05
7.223691514472258e-05
7.402474901129746e-05
7.524509153018963e-05
7.626149394107591e-05
7.804468381245218e-05
8.101463166563489e-05
8.426881553943709e-05
8.750235616688889e-05
8.983797684286022e-05
9.104117240343526e-05
9.171230227744029e-05
9.212323586903352e-05
9.227964115105468e-05
9.213626492563786e-05
9.183476509918834e-05
9.151327073673848e-05
9.112312801078763e-05
9.066283980994391e-05
8.991419184189242e-05
8.893705262147215e-05
8.704906047570528e-05
8.430490128734578e-05
8.109625440454247e-05
7.74485716238078e-05
7.330643991197992e-05
6.869745800913819e-05
6.385332516114469e-05
5.916927084200217e-05
5.476305698385529e-05
5.045370367374399e-05
4.619106502660138e-05
4.172956584881663e-05
3.687133602378029e-05
3.186665663445901e-05
2.747665474730496e-05
2.310168092198602e-05
)
;

boundaryField
{
    inlet
    {
        type            cyclic;
    }
    outlet
    {
        type            cyclic;
    }
    topWall
    {
        type            zeroGradient;
    }
    bottomWall
    {
        type            zeroGradient;
    }
    front
    {
        type            symmetry;
    }
    back
    {
        type            symmetry;
    }
}


// ************************************************************************* //
