/*--------------------------------*- C++ -*----------------------------------*\
| =========                 |                                                 |
| \\      /  F ield         | OpenFOAM: The Open Source CFD Toolbox           |
|  \\    /   O peration     | Version:  v1812                                 |
|   \\  /    A nd           | Web:      www.OpenFOAM.com                      |
|    \\/     M anipulation  |                                                 |
\*---------------------------------------------------------------------------*/
FoamFile
{
    version     2.0;
    format      ascii;
    class       volScalarField;
    location    "0";
    object      yPlus;
}
// * * * * * * * * * * * * * * * * * * * * * * * * * * * * * * * * * * * * * //

dimensions      [0 0 0 0 0 0 0];


internalField   uniform 0;

boundaryField
{
    topWall
    {
        type            calculated;
        value           nonuniform List<scalar> 
400
(
2.87239
2.87239
2.87239
2.87239
2.87239
2.87239
2.87239
2.87239
2.87239
2.87239
2.87239
2.87239
2.87239
2.87239
2.87239
2.87239
2.87239
2.87239
2.87239
2.87239
2.87239
2.87239
2.87239
2.87239
2.87239
2.87239
2.87239
2.87239
2.87239
2.87239
2.87239
2.87239
2.87239
2.87239
2.87239
2.87239
2.87239
2.87239
2.87239
2.87239
2.87239
2.87239
2.87239
2.87239
2.87239
2.87239
2.87239
2.87239
2.87239
2.87239
2.87239
2.87239
2.87239
2.87239
2.87239
2.87239
2.87239
2.87239
2.87239
2.87239
2.87239
2.87239
2.87239
2.87239
2.87239
2.87239
2.87239
2.87239
2.87239
2.87239
2.87239
2.87239
2.87239
2.87239
2.87239
2.87239
2.87239
2.87239
2.87239
2.87239
2.87239
2.87239
2.87239
2.87239
2.87239
2.87239
2.87239
2.87239
2.87239
2.87239
2.87239
2.87239
2.87239
2.87239
2.87239
2.87239
2.87239
2.87239
2.87239
2.87239
2.87239
2.87239
2.87239
2.87239
2.87239
2.87239
2.87239
2.87239
2.87239
2.87239
2.87239
2.87239
2.87239
2.87239
2.87239
2.87239
2.87239
2.87239
2.87239
2.87239
2.87239
2.87239
2.87239
2.87239
2.87239
2.87239
2.87239
2.87239
2.87239
2.87239
2.87239
2.87239
2.87239
2.87239
2.87239
2.87239
2.87239
2.87239
2.87239
2.87239
2.87239
2.87239
2.87239
2.87239
2.87239
2.87239
2.87239
2.87239
2.87239
2.87239
2.87239
2.87239
2.87239
2.87239
2.87239
2.87239
2.87239
2.87239
2.87239
2.87239
2.87239
2.87239
2.87239
2.87239
2.87239
2.87239
2.87239
2.87239
2.87239
2.87239
2.87239
2.87239
2.87239
2.87239
2.87239
2.87239
2.87239
2.87239
2.87239
2.87239
2.87239
2.87239
2.87239
2.87239
2.87239
2.87239
2.87239
2.87239
2.87239
2.87239
2.87239
2.87239
2.87239
2.87239
2.87239
2.87239
2.87239
2.87239
2.87239
2.87239
2.87239
2.87239
2.87239
2.87239
2.87239
2.87239
2.87239
2.87239
2.87239
2.87239
2.87239
2.87239
2.87239
2.87239
2.87239
2.87239
2.87239
2.87239
2.87239
2.87239
2.87239
2.87239
2.87239
2.87239
2.87239
2.87239
2.87239
2.87239
2.87239
2.87239
2.87239
2.87239
2.87239
2.87239
2.87239
2.87239
2.87239
2.87239
2.87239
2.87239
2.87239
2.87239
2.87239
2.87239
2.87239
2.87239
2.87239
2.87239
2.87239
2.87239
2.87239
2.87239
2.87239
2.87239
2.87239
2.87239
2.87239
2.87239
2.87239
2.87239
2.87239
2.87239
2.87239
2.87239
2.87239
2.87239
2.87239
2.87239
2.87239
2.87239
2.87239
2.87239
2.87239
2.87239
2.87239
2.87239
2.87239
2.87239
2.87239
2.87239
2.87239
2.87239
2.87239
2.87239
2.87239
2.87239
2.87239
2.87239
2.87239
2.87239
2.87239
2.87239
2.87239
2.87239
2.87239
2.87239
2.87239
2.87239
2.87239
2.87239
2.87239
2.87239
2.87239
2.87239
2.87239
2.87239
2.87239
2.87239
2.87239
2.87239
2.87239
2.87239
2.87239
2.87239
2.87239
2.87239
2.87239
2.87239
2.87239
2.87239
2.87239
2.87239
2.87239
2.87239
2.87239
2.87239
2.87239
2.87239
2.87239
2.87239
2.87239
2.87239
2.87239
2.87239
2.87239
2.87239
2.87239
2.87239
2.87239
2.87239
2.87239
2.87239
2.87239
2.87239
2.87239
2.87239
2.87239
2.87239
2.87239
2.87239
2.87239
2.87239
2.87239
2.87239
2.87239
2.87239
2.87239
2.87239
2.87239
2.87239
2.87239
2.87239
2.87239
2.87239
2.87239
2.87239
2.87239
2.87239
2.87239
2.87239
2.87239
2.87239
2.87239
2.87239
2.87239
2.87239
2.87239
2.87239
2.87239
2.87239
2.87239
2.87239
2.87239
2.87239
2.87239
2.87239
2.87239
2.87239
2.87239
2.87239
2.87239
2.87239
2.87239
2.87239
2.87239
2.87239
2.87239
2.87239
2.87239
2.87239
)
;
    }
    inlet
    {
        type            cyclic;
    }
    outlet
    {
        type            cyclic;
    }
    bottomWall
    {
        type            calculated;
        value           nonuniform List<scalar> 
400
(
2.87239
2.87239
2.87239
2.87239
2.87239
2.87239
2.87239
2.87239
2.87239
2.87239
2.87239
2.87239
2.87239
2.87239
2.87239
2.87239
2.87239
2.87239
2.87239
2.87239
2.87239
2.87239
2.87239
2.87239
2.87239
2.87239
2.87239
2.87239
2.87239
2.87239
2.87239
2.87239
2.87239
2.87239
2.87239
2.87239
2.87239
2.87239
2.87239
2.87239
2.87239
2.87239
2.87239
2.87239
2.87239
2.87239
2.87239
2.87239
2.87239
2.87239
2.87239
2.87239
2.87239
2.87239
2.87239
2.87239
2.87239
2.87239
2.87239
2.87239
2.87239
2.87239
2.87239
2.87239
2.87239
2.87239
2.87239
2.87239
2.87239
2.87239
2.87239
2.87239
2.87239
2.87239
2.87239
2.87239
2.87239
2.87239
2.87239
2.87239
2.87239
2.87239
2.87239
2.87239
2.87239
2.87239
2.87239
2.87239
2.87239
2.87239
2.87239
2.87239
2.87239
2.87239
2.87239
2.87239
2.87239
2.87239
2.87239
2.87239
2.87239
2.87239
2.87239
2.87239
2.87239
2.87239
2.87239
2.87239
2.87239
2.87239
2.87239
2.87239
2.87239
2.87239
2.87239
2.87239
2.87239
2.87239
2.87239
2.87239
2.87239
2.87239
2.87239
2.87239
2.87239
2.87239
2.87239
2.87239
2.87239
2.87239
2.87239
2.87239
2.87239
2.87239
2.87239
2.87239
2.87239
2.87239
2.87239
2.87239
2.87239
2.87239
2.87239
2.87239
2.87239
2.87239
2.87239
2.87239
2.87239
2.87239
2.87239
2.87239
2.87239
2.87239
2.87239
2.87239
2.87239
2.87239
2.87239
2.87239
2.87239
2.87239
2.87239
2.87239
2.87239
2.87239
2.87239
2.87239
2.87239
2.87239
2.87239
2.87239
2.87239
2.87239
2.87239
2.87239
2.87239
2.87239
2.87239
2.87239
2.87239
2.87239
2.87239
2.87239
2.87239
2.87239
2.87239
2.87239
2.87239
2.87239
2.87239
2.87239
2.87239
2.87239
2.87239
2.87239
2.87239
2.87239
2.87239
2.87239
2.87239
2.87239
2.87239
2.87239
2.87239
2.87239
2.87239
2.87239
2.87239
2.87239
2.87239
2.87239
2.87239
2.87239
2.87239
2.87239
2.87239
2.87239
2.87239
2.87239
2.87239
2.87239
2.87239
2.87239
2.87239
2.87239
2.87239
2.87239
2.87239
2.87239
2.87239
2.87239
2.87239
2.87239
2.87239
2.87239
2.87239
2.87239
2.87239
2.87239
2.87239
2.87239
2.87239
2.87239
2.87239
2.87239
2.87239
2.87239
2.87239
2.87239
2.87239
2.87239
2.87239
2.87239
2.87239
2.87239
2.87239
2.87239
2.87239
2.87239
2.87239
2.87239
2.87239
2.87239
2.87239
2.87239
2.87239
2.87239
2.87239
2.87239
2.87239
2.87239
2.87239
2.87239
2.87239
2.87239
2.87239
2.87239
2.87239
2.87239
2.87239
2.87239
2.87239
2.87239
2.87239
2.87239
2.87239
2.87239
2.87239
2.87239
2.87239
2.87239
2.87239
2.87239
2.87239
2.87239
2.87239
2.87239
2.87239
2.87239
2.87239
2.87239
2.87239
2.87239
2.87239
2.87239
2.87239
2.87239
2.87239
2.87239
2.87239
2.87239
2.87239
2.87239
2.87239
2.87239
2.87239
2.87239
2.87239
2.87239
2.87239
2.87239
2.87239
2.87239
2.87239
2.87239
2.87239
2.87239
2.87239
2.87239
2.87239
2.87239
2.87239
2.87239
2.87239
2.87239
2.87239
2.87239
2.87239
2.87239
2.87239
2.87239
2.87239
2.87239
2.87239
2.87239
2.87239
2.87239
2.87239
2.87239
2.87239
2.87239
2.87239
2.87239
2.87239
2.87239
2.87239
2.87239
2.87239
2.87239
2.87239
2.87239
2.87239
2.87239
2.87239
2.87239
2.87239
2.87239
2.87239
2.87239
2.87239
2.87239
2.87239
2.87239
2.87239
2.87239
2.87239
2.87239
2.87239
2.87239
2.87239
2.87239
2.87239
2.87239
2.87239
2.87239
2.87239
2.87239
2.87239
2.87239
2.87239
2.87239
2.87239
2.87239
2.87239
2.87239
2.87239
2.87239
2.87239
2.87239
)
;
    }
    frontAndBack
    {
        type            empty;
    }
}


// ************************************************************************* //
